949	0.100249	1.00006
949	0.101321	1.00006
949	0.103276	1.00006
949	0.106164	1.00006
949	0.110059	1.00006
949	0.11506	1.00006
949	0.121298	1.00006
949	0.128942	1.00006
949	0.138203	1.00006
949	0.149347	1.00006
949	0.162704	1.00006
949	0.178684	1.00006
949	0.197797	1.00006
949	0.220676	1.00006
949	0.248111	1.00006
949	0.28109	1.00006
949	0.320847	1.00006
949	0.368933	1.00006
949	0.427302	1.00006
949	0.498424	1.00006
949	0.585427	1.00006
949	0.692292	1.00006
949	0.824094	1.00006
949	0.987329	1.00006
949	1.19033	1.00006
949	1.44382	1.00006
949	1.76165	1.00006
949	2.16172	1.00006
949	2.66728	1.00006
949	3.30853	1.00006
949	4.12487	1.00006
949	5.16771	1.00006
949	6.50436	1.00006
949	8.22302	1.00006
949	10.4395	1.00006
949	13.306	1.00006
949	17.0228	1.00006
949	21.8539	1.00006
949	28.147	1.00006
949	36.3608	1.00006
949	47.1005	1.00006
949	61.1643	1.00006
949	79.6049	1.00006
949	103.81	1.00006
949	135.608	1.00006
949	177.403	1.00006
949	232.356	1.00006
949	304.615	1.00006
949	399.611	1.00006
949	524.44	1.00006
949	688.354	1.00006
949	903.379	1.00006
949	1185.1	1.00006
949	1553.65	1.00006
949	2034.92	1.00006
949	2662.09	1.00006
949	3477.51	1.00006
949	4534.9	1.00006
949	5902.14	1.00006
949	7664.47	1.00006
949	9928.28	1.00006
949	12825.5	1.00006
949	16518.8	1.00006
949	21206.8	1.00006
949	27130.6	1.00006
949	34580.2	1.00006
949	43901.1	1.00005
949	55501.2	1.00005
949	69856.9	1.00005
949	87518	1.00005
949	109112	1.00005
949	135344	1.00005
949	166997	1.00005
949	204922	1.00005
949	250031	1.00005
949	303277	1.00005
949	365633	1.00005
949	438057	1.00005
949	521456	1.00005
949	616644	1.00005
949	724284	1.00005
949	844836	1.00005
949	978498	1.00005
949	1.12515e+06	1.00004
949	1.28429e+06	1.00004
949	1.45499e+06	1.00004
949	1.63588e+06	1.00004
949	1.82511e+06	1.00004
949	2.02032e+06	1.00004
949	2.21875e+06	1.00004
949	2.41718e+06	1.00003
949	2.6121e+06	1.00003
949	2.79972e+06	1.00003
949	2.97615e+06	1.00003
949	3.1375e+06	1.00003
949	3.28006e+06	1.00003
949	3.40038e+06	1.00003
949	3.49548e+06	1.00003
949	3.56294e+06	1.00003
949	3.60102e+06	1.00003
946.847	0.100249	1.00017
946.847	0.101321	1.00017
946.847	0.103276	1.00017
946.847	0.106164	1.00017
946.847	0.110059	1.00017
946.847	0.11506	1.00017
946.847	0.121298	1.00017
946.847	0.128942	1.00017
946.847	0.138203	1.00017
946.847	0.149347	1.00017
946.847	0.162704	1.00017
946.847	0.178684	1.00017
946.847	0.197797	1.00017
946.847	0.220676	1.00017
946.847	0.248111	1.00017
946.847	0.28109	1.00017
946.847	0.320847	1.00017
946.847	0.368933	1.00017
946.847	0.427302	1.00017
946.847	0.498424	1.00017
946.847	0.585427	1.00017
946.847	0.692292	1.00017
946.847	0.824094	1.00017
946.847	0.987329	1.00017
946.847	1.19033	1.00017
946.847	1.44382	1.00017
946.847	1.76165	1.00017
946.847	2.16172	1.00017
946.847	2.66728	1.00017
946.847	3.30853	1.00017
946.847	4.12487	1.00017
946.847	5.16771	1.00017
946.847	6.50436	1.00017
946.847	8.22302	1.00017
946.847	10.4395	1.00017
946.847	13.306	1.00017
946.847	17.0228	1.00017
946.847	21.8539	1.00017
946.847	28.147	1.00017
946.847	36.3608	1.00017
946.847	47.1005	1.00017
946.847	61.1643	1.00017
946.847	79.6049	1.00017
946.847	103.81	1.00017
946.847	135.608	1.00017
946.847	177.403	1.00017
946.847	232.356	1.00017
946.847	304.615	1.00017
946.847	399.611	1.00017
946.847	524.44	1.00017
946.847	688.354	1.00017
946.847	903.379	1.00017
946.847	1185.1	1.00017
946.847	1553.65	1.00017
946.847	2034.92	1.00017
946.847	2662.09	1.00017
946.847	3477.51	1.00017
946.847	4534.9	1.00017
946.847	5902.14	1.00017
946.847	7664.47	1.00017
946.847	9928.28	1.00017
946.847	12825.5	1.00017
946.847	16518.8	1.00017
946.847	21206.8	1.00017
946.847	27130.6	1.00017
946.847	34580.2	1.00017
946.847	43901.1	1.00017
946.847	55501.2	1.00017
946.847	69856.9	1.00017
946.847	87518	1.00017
946.847	109112	1.00017
946.847	135344	1.00017
946.847	166997	1.00017
946.847	204922	1.00017
946.847	250031	1.00017
946.847	303277	1.00017
946.847	365633	1.00016
946.847	438057	1.00016
946.847	521456	1.00016
946.847	616644	1.00016
946.847	724284	1.00015
946.847	844836	1.00015
946.847	978498	1.00015
946.847	1.12515e+06	1.00014
946.847	1.28429e+06	1.00014
946.847	1.45499e+06	1.00013
946.847	1.63588e+06	1.00013
946.847	1.82511e+06	1.00012
946.847	2.02032e+06	1.00012
946.847	2.21875e+06	1.00011
946.847	2.41718e+06	1.00011
946.847	2.6121e+06	1.00011
946.847	2.79972e+06	1.0001
946.847	2.97615e+06	1.0001
946.847	3.1375e+06	1.0001
946.847	3.28006e+06	1.00009
946.847	3.40038e+06	1.00009
946.847	3.49548e+06	1.00009
946.847	3.56294e+06	1.00009
946.847	3.60102e+06	1.00009
937.156	0.100249	1.00072
937.156	0.101321	1.00072
937.156	0.103276	1.00072
937.156	0.106164	1.00072
937.156	0.110059	1.00072
937.156	0.11506	1.00072
937.156	0.121298	1.00072
937.156	0.128942	1.00072
937.156	0.138203	1.00072
937.156	0.149347	1.00072
937.156	0.162704	1.00072
937.156	0.178684	1.00072
937.156	0.197797	1.00072
937.156	0.220676	1.00072
937.156	0.248111	1.00072
937.156	0.28109	1.00072
937.156	0.320847	1.00072
937.156	0.368933	1.00072
937.156	0.427302	1.00072
937.156	0.498424	1.00072
937.156	0.585427	1.00072
937.156	0.692292	1.00072
937.156	0.824094	1.00072
937.156	0.987329	1.00072
937.156	1.19033	1.00072
937.156	1.44382	1.00072
937.156	1.76165	1.00072
937.156	2.16172	1.00072
937.156	2.66728	1.00072
937.156	3.30853	1.00072
937.156	4.12487	1.00072
937.156	5.16771	1.00072
937.156	6.50436	1.00072
937.156	8.22302	1.00072
937.156	10.4395	1.00072
937.156	13.306	1.00072
937.156	17.0228	1.00072
937.156	21.8539	1.00072
937.156	28.147	1.00072
937.156	36.3608	1.00072
937.156	47.1005	1.00072
937.156	61.1643	1.00072
937.156	79.6049	1.00072
937.156	103.81	1.00072
937.156	135.608	1.00072
937.156	177.403	1.00072
937.156	232.356	1.00071
937.156	304.615	1.00071
937.156	399.611	1.00071
937.156	524.44	1.00071
937.156	688.354	1.00071
937.156	903.379	1.00071
937.156	1185.1	1.00071
937.156	1553.65	1.00071
937.156	2034.92	1.00071
937.156	2662.09	1.00071
937.156	3477.51	1.00071
937.156	4534.9	1.00071
937.156	5902.14	1.00071
937.156	7664.47	1.00071
937.156	9928.28	1.00071
937.156	12825.5	1.00071
937.156	16518.8	1.00071
937.156	21206.8	1.00071
937.156	27130.6	1.00071
937.156	34580.2	1.00071
937.156	43901.1	1.00071
937.156	55501.2	1.00071
937.156	69856.9	1.00071
937.156	87518	1.0007
937.156	109112	1.0007
937.156	135344	1.0007
937.156	166997	1.00069
937.156	204922	1.00069
937.156	250031	1.00068
937.156	303277	1.00068
937.156	365633	1.00067
937.156	438057	1.00066
937.156	521456	1.00065
937.156	616644	1.00064
937.156	724284	1.00062
937.156	844836	1.00061
937.156	978498	1.00059
937.156	1.12515e+06	1.00058
937.156	1.28429e+06	1.00056
937.156	1.45499e+06	1.00054
937.156	1.63588e+06	1.00052
937.156	1.82511e+06	1.0005
937.156	2.02032e+06	1.00048
937.156	2.21875e+06	1.00046
937.156	2.41718e+06	1.00044
937.156	2.6121e+06	1.00043
937.156	2.79972e+06	1.00041
937.156	2.97615e+06	1.0004
937.156	3.1375e+06	1.00038
937.156	3.28006e+06	1.00037
937.156	3.40038e+06	1.00037
937.156	3.49548e+06	1.00036
937.156	3.56294e+06	1.00035
937.156	3.60102e+06	1.00035
897.531	0.100249	1.00298
897.531	0.101321	1.00298
897.531	0.103276	1.00298
897.531	0.106164	1.00298
897.531	0.110059	1.00298
897.531	0.11506	1.00298
897.531	0.121298	1.00298
897.531	0.128942	1.00298
897.531	0.138203	1.00298
897.531	0.149347	1.00298
897.531	0.162704	1.00298
897.531	0.178684	1.00298
897.531	0.197797	1.00298
897.531	0.220676	1.00298
897.531	0.248111	1.00298
897.531	0.28109	1.00298
897.531	0.320847	1.00298
897.531	0.368933	1.00298
897.531	0.427302	1.00298
897.531	0.498424	1.00298
897.531	0.585427	1.00298
897.531	0.692292	1.00298
897.531	0.824094	1.00298
897.531	0.987329	1.00298
897.531	1.19033	1.00298
897.531	1.44382	1.00298
897.531	1.76165	1.00298
897.531	2.16172	1.00298
897.531	2.66728	1.00298
897.531	3.30853	1.00298
897.531	4.12487	1.00298
897.531	5.16771	1.00298
897.531	6.50436	1.00298
897.531	8.22302	1.00298
897.531	10.4395	1.00298
897.531	13.306	1.00298
897.531	17.0228	1.00298
897.531	21.8539	1.00298
897.531	28.147	1.00298
897.531	36.3608	1.00298
897.531	47.1005	1.00298
897.531	61.1643	1.00298
897.531	79.6049	1.00298
897.531	103.81	1.00298
897.531	135.608	1.00298
897.531	177.403	1.00298
897.531	232.356	1.00298
897.531	304.615	1.00298
897.531	399.611	1.00298
897.531	524.44	1.00298
897.531	688.354	1.00298
897.531	903.379	1.00298
897.531	1185.1	1.00298
897.531	1553.65	1.00298
897.531	2034.92	1.00298
897.531	2662.09	1.00298
897.531	3477.51	1.00298
897.531	4534.9	1.00298
897.531	5902.14	1.00298
897.531	7664.47	1.00298
897.531	9928.28	1.00297
897.531	12825.5	1.00297
897.531	16518.8	1.00297
897.531	21206.8	1.00297
897.531	27130.6	1.00296
897.531	34580.2	1.00296
897.531	43901.1	1.00295
897.531	55501.2	1.00295
897.531	69856.9	1.00294
897.531	87518	1.00293
897.531	109112	1.00292
897.531	135344	1.0029
897.531	166997	1.00288
897.531	204922	1.00286
897.531	250031	1.00283
897.531	303277	1.0028
897.531	365633	1.00277
897.531	438057	1.00273
897.531	521456	1.00268
897.531	616644	1.00263
897.531	724284	1.00257
897.531	844836	1.0025
897.531	978498	1.00243
897.531	1.12515e+06	1.00235
897.531	1.28429e+06	1.00227
897.531	1.45499e+06	1.00219
897.531	1.63588e+06	1.0021
897.531	1.82511e+06	1.00201
897.531	2.02032e+06	1.00193
897.531	2.21875e+06	1.00185
897.531	2.41718e+06	1.00177
897.531	2.6121e+06	1.0017
897.531	2.79972e+06	1.00163
897.531	2.97615e+06	1.00157
897.531	3.1375e+06	1.00152
897.531	3.28006e+06	1.00148
897.531	3.40038e+06	1.00144
897.531	3.49548e+06	1.00142
897.531	3.56294e+06	1.0014
897.531	3.60102e+06	1.00139
841.048	0.100249	1.00637
841.048	0.101321	1.00637
841.048	0.103276	1.00637
841.048	0.106164	1.00637
841.048	0.110059	1.00637
841.048	0.11506	1.00637
841.048	0.121298	1.00637
841.048	0.128942	1.00637
841.048	0.138203	1.00637
841.048	0.149347	1.00637
841.048	0.162704	1.00637
841.048	0.178684	1.00637
841.048	0.197797	1.00637
841.048	0.220676	1.00637
841.048	0.248111	1.00637
841.048	0.28109	1.00637
841.048	0.320847	1.00637
841.048	0.368933	1.00637
841.048	0.427302	1.00637
841.048	0.498424	1.00637
841.048	0.585427	1.00637
841.048	0.692292	1.00637
841.048	0.824094	1.00637
841.048	0.987329	1.00637
841.048	1.19033	1.00637
841.048	1.44382	1.00637
841.048	1.76165	1.00637
841.048	2.16172	1.00637
841.048	2.66728	1.00637
841.048	3.30853	1.00637
841.048	4.12487	1.00637
841.048	5.16771	1.00637
841.048	6.50436	1.00637
841.048	8.22302	1.00637
841.048	10.4395	1.00637
841.048	13.306	1.00637
841.048	17.0228	1.00637
841.048	21.8539	1.00637
841.048	28.147	1.00637
841.048	36.3608	1.00637
841.048	47.1005	1.00637
841.048	61.1643	1.00637
841.048	79.6049	1.00637
841.048	103.81	1.00637
841.048	135.608	1.00637
841.048	177.403	1.00637
841.048	232.356	1.00637
841.048	304.615	1.00637
841.048	399.611	1.00637
841.048	524.44	1.00637
841.048	688.354	1.00637
841.048	903.379	1.00637
841.048	1185.1	1.00637
841.048	1553.65	1.00637
841.048	2034.92	1.00637
841.048	2662.09	1.00637
841.048	3477.51	1.00637
841.048	4534.9	1.00636
841.048	5902.14	1.00636
841.048	7664.47	1.00636
841.048	9928.28	1.00636
841.048	12825.5	1.00635
841.048	16518.8	1.00635
841.048	21206.8	1.00634
841.048	27130.6	1.00633
841.048	34580.2	1.00632
841.048	43901.1	1.00631
841.048	55501.2	1.00629
841.048	69856.9	1.00627
841.048	87518	1.00624
841.048	109112	1.00621
841.048	135344	1.00617
841.048	166997	1.00612
841.048	204922	1.00607
841.048	250031	1.00601
841.048	303277	1.00593
841.048	365633	1.00584
841.048	438057	1.00574
841.048	521456	1.00563
841.048	616644	1.0055
841.048	724284	1.00536
841.048	844836	1.0052
841.048	978498	1.00504
841.048	1.12515e+06	1.00486
841.048	1.28429e+06	1.00467
841.048	1.45499e+06	1.00448
841.048	1.63588e+06	1.00428
841.048	1.82511e+06	1.00408
841.048	2.02032e+06	1.00389
841.048	2.21875e+06	1.00371
841.048	2.41718e+06	1.00354
841.048	2.6121e+06	1.00339
841.048	2.79972e+06	1.00324
841.048	2.97615e+06	1.00312
841.048	3.1375e+06	1.00301
841.048	3.28006e+06	1.00292
841.048	3.40038e+06	1.00284
841.048	3.49548e+06	1.00279
841.048	3.56294e+06	1.00275
841.048	3.60102e+06	1.00273
784.565	0.100249	1.00997
784.565	0.101321	1.00997
784.565	0.103276	1.00997
784.565	0.106164	1.00997
784.565	0.110059	1.00997
784.565	0.11506	1.00997
784.565	0.121298	1.00997
784.565	0.128942	1.00997
784.565	0.138203	1.00997
784.565	0.149347	1.00997
784.565	0.162704	1.00997
784.565	0.178684	1.00997
784.565	0.197797	1.00997
784.565	0.220676	1.00997
784.565	0.248111	1.00997
784.565	0.28109	1.00997
784.565	0.320847	1.00997
784.565	0.368933	1.00997
784.565	0.427302	1.00997
784.565	0.498424	1.00997
784.565	0.585427	1.00997
784.565	0.692292	1.00997
784.565	0.824094	1.00997
784.565	0.987329	1.00997
784.565	1.19033	1.00997
784.565	1.44382	1.00997
784.565	1.76165	1.00997
784.565	2.16172	1.00997
784.565	2.66728	1.00997
784.565	3.30853	1.00997
784.565	4.12487	1.00997
784.565	5.16771	1.00997
784.565	6.50436	1.00997
784.565	8.22302	1.00997
784.565	10.4395	1.00997
784.565	13.306	1.00997
784.565	17.0228	1.00997
784.565	21.8539	1.00997
784.565	28.147	1.00997
784.565	36.3608	1.00997
784.565	47.1005	1.00997
784.565	61.1643	1.00997
784.565	79.6049	1.00997
784.565	103.81	1.00997
784.565	135.608	1.00997
784.565	177.403	1.00997
784.565	232.356	1.00997
784.565	304.615	1.00997
784.565	399.611	1.00997
784.565	524.44	1.00997
784.565	688.354	1.00997
784.565	903.379	1.00997
784.565	1185.1	1.00997
784.565	1553.65	1.00997
784.565	2034.92	1.00996
784.565	2662.09	1.00996
784.565	3477.51	1.00996
784.565	4534.9	1.00996
784.565	5902.14	1.00995
784.565	7664.47	1.00995
784.565	9928.28	1.00994
784.565	12825.5	1.00993
784.565	16518.8	1.00992
784.565	21206.8	1.00991
784.565	27130.6	1.00989
784.565	34580.2	1.00987
784.565	43901.1	1.00985
784.565	55501.2	1.00982
784.565	69856.9	1.00978
784.565	87518	1.00973
784.565	109112	1.00967
784.565	135344	1.0096
784.565	166997	1.00952
784.565	204922	1.00942
784.565	250031	1.0093
784.565	303277	1.00917
784.565	365633	1.00901
784.565	438057	1.00884
784.565	521456	1.00863
784.565	616644	1.00841
784.565	724284	1.00816
784.565	844836	1.0079
784.565	978498	1.00761
784.565	1.12515e+06	1.0073
784.565	1.28429e+06	1.00699
784.565	1.45499e+06	1.00667
784.565	1.63588e+06	1.00635
784.565	1.82511e+06	1.00603
784.565	2.02032e+06	1.00572
784.565	2.21875e+06	1.00544
784.565	2.41718e+06	1.00517
784.565	2.6121e+06	1.00492
784.565	2.79972e+06	1.0047
784.565	2.97615e+06	1.00451
784.565	3.1375e+06	1.00434
784.565	3.28006e+06	1.0042
784.565	3.40038e+06	1.00408
784.565	3.49548e+06	1.004
784.565	3.56294e+06	1.00394
784.565	3.60102e+06	1.00391
703.122	0.100249	1.01556
703.122	0.101321	1.01556
703.122	0.103276	1.01556
703.122	0.106164	1.01556
703.122	0.110059	1.01556
703.122	0.11506	1.01556
703.122	0.121298	1.01556
703.122	0.128942	1.01556
703.122	0.138203	1.01556
703.122	0.149347	1.01556
703.122	0.162704	1.01556
703.122	0.178684	1.01556
703.122	0.197797	1.01556
703.122	0.220676	1.01556
703.122	0.248111	1.01556
703.122	0.28109	1.01556
703.122	0.320847	1.01556
703.122	0.368933	1.01556
703.122	0.427302	1.01556
703.122	0.498424	1.01556
703.122	0.585427	1.01556
703.122	0.692292	1.01556
703.122	0.824094	1.01556
703.122	0.987329	1.01556
703.122	1.19033	1.01556
703.122	1.44382	1.01556
703.122	1.76165	1.01556
703.122	2.16172	1.01556
703.122	2.66728	1.01556
703.122	3.30853	1.01556
703.122	4.12487	1.01556
703.122	5.16771	1.01556
703.122	6.50436	1.01556
703.122	8.22302	1.01556
703.122	10.4395	1.01556
703.122	13.306	1.01556
703.122	17.0228	1.01556
703.122	21.8539	1.01556
703.122	28.147	1.01556
703.122	36.3608	1.01556
703.122	47.1005	1.01556
703.122	61.1643	1.01556
703.122	79.6049	1.01556
703.122	103.81	1.01556
703.122	135.608	1.01555
703.122	177.403	1.01555
703.122	232.356	1.01555
703.122	304.615	1.01555
703.122	399.611	1.01555
703.122	524.44	1.01555
703.122	688.354	1.01555
703.122	903.379	1.01555
703.122	1185.1	1.01555
703.122	1553.65	1.01555
703.122	2034.92	1.01554
703.122	2662.09	1.01554
703.122	3477.51	1.01554
703.122	4534.9	1.01553
703.122	5902.14	1.01552
703.122	7664.47	1.01551
703.122	9928.28	1.0155
703.122	12825.5	1.01549
703.122	16518.8	1.01547
703.122	21206.8	1.01544
703.122	27130.6	1.01541
703.122	34580.2	1.01537
703.122	43901.1	1.01532
703.122	55501.2	1.01526
703.122	69856.9	1.01518
703.122	87518	1.01509
703.122	109112	1.01497
703.122	135344	1.01484
703.122	166997	1.01468
703.122	204922	1.01449
703.122	250031	1.01427
703.122	303277	1.01401
703.122	365633	1.01371
703.122	438057	1.01338
703.122	521456	1.01301
703.122	616644	1.0126
703.122	724284	1.01216
703.122	844836	1.01168
703.122	978498	1.01118
703.122	1.12515e+06	1.01066
703.122	1.28429e+06	1.01012
703.122	1.45499e+06	1.00959
703.122	1.63588e+06	1.00906
703.122	1.82511e+06	1.00856
703.122	2.02032e+06	1.00808
703.122	2.21875e+06	1.00763
703.122	2.41718e+06	1.00722
703.122	2.6121e+06	1.00684
703.122	2.79972e+06	1.00651
703.122	2.97615e+06	1.00622
703.122	3.1375e+06	1.00597
703.122	3.28006e+06	1.00576
703.122	3.40038e+06	1.00559
703.122	3.49548e+06	1.00546
703.122	3.56294e+06	1.00538
703.122	3.60102e+06	1.00533
618.283	0.100249	1.02192
618.283	0.101321	1.02192
618.283	0.103276	1.02192
618.283	0.106164	1.02192
618.283	0.110059	1.02192
618.283	0.11506	1.02192
618.283	0.121298	1.02192
618.283	0.128942	1.02192
618.283	0.138203	1.02192
618.283	0.149347	1.02192
618.283	0.162704	1.02192
618.283	0.178684	1.02192
618.283	0.197797	1.02192
618.283	0.220676	1.02192
618.283	0.248111	1.02192
618.283	0.28109	1.02192
618.283	0.320847	1.02192
618.283	0.368933	1.02192
618.283	0.427302	1.02192
618.283	0.498424	1.02192
618.283	0.585427	1.02192
618.283	0.692292	1.02192
618.283	0.824094	1.02192
618.283	0.987329	1.02192
618.283	1.19033	1.02192
618.283	1.44382	1.02192
618.283	1.76165	1.02192
618.283	2.16172	1.02192
618.283	2.66728	1.02192
618.283	3.30853	1.02192
618.283	4.12487	1.02192
618.283	5.16771	1.02192
618.283	6.50436	1.02192
618.283	8.22302	1.02192
618.283	10.4395	1.02192
618.283	13.306	1.02192
618.283	17.0228	1.02192
618.283	21.8539	1.02192
618.283	28.147	1.02192
618.283	36.3608	1.02192
618.283	47.1005	1.02192
618.283	61.1643	1.02191
618.283	79.6049	1.02191
618.283	103.81	1.02191
618.283	135.608	1.02191
618.283	177.403	1.02191
618.283	232.356	1.02191
618.283	304.615	1.02191
618.283	399.611	1.02191
618.283	524.44	1.02191
618.283	688.354	1.02191
618.283	903.379	1.02191
618.283	1185.1	1.0219
618.283	1553.65	1.0219
618.283	2034.92	1.0219
618.283	2662.09	1.02189
618.283	3477.51	1.02188
618.283	4534.9	1.02187
618.283	5902.14	1.02186
618.283	7664.47	1.02184
618.283	9928.28	1.02182
618.283	12825.5	1.02179
618.283	16518.8	1.02175
618.283	21206.8	1.02171
618.283	27130.6	1.02165
618.283	34580.2	1.02158
618.283	43901.1	1.02149
618.283	55501.2	1.02137
618.283	69856.9	1.02124
618.283	87518	1.02107
618.283	109112	1.02087
618.283	135344	1.02063
618.283	166997	1.02035
618.283	204922	1.02002
618.283	250031	1.01963
618.283	303277	1.01919
618.283	365633	1.01869
618.283	438057	1.01813
618.283	521456	1.01751
618.283	616644	1.01684
618.283	724284	1.01612
618.283	844836	1.01537
618.283	978498	1.01459
618.283	1.12515e+06	1.0138
618.283	1.28429e+06	1.01301
618.283	1.45499e+06	1.01223
618.283	1.63588e+06	1.01149
618.283	1.82511e+06	1.01078
618.283	2.02032e+06	1.01012
618.283	2.21875e+06	1.00951
618.283	2.41718e+06	1.00895
618.283	2.6121e+06	1.00846
618.283	2.79972e+06	1.00802
618.283	2.97615e+06	1.00764
618.283	3.1375e+06	1.00732
618.283	3.28006e+06	1.00705
618.283	3.40038e+06	1.00683
618.283	3.49548e+06	1.00667
618.283	3.56294e+06	1.00655
618.283	3.60102e+06	1.00649
533.443	0.100249	1.02885
533.443	0.101321	1.02885
533.443	0.103276	1.02885
533.443	0.106164	1.02885
533.443	0.110059	1.02885
533.443	0.11506	1.02885
533.443	0.121298	1.02885
533.443	0.128942	1.02885
533.443	0.138203	1.02885
533.443	0.149347	1.02885
533.443	0.162704	1.02885
533.443	0.178684	1.02885
533.443	0.197797	1.02885
533.443	0.220676	1.02885
533.443	0.248111	1.02885
533.443	0.28109	1.02885
533.443	0.320847	1.02885
533.443	0.368933	1.02885
533.443	0.427302	1.02885
533.443	0.498424	1.02885
533.443	0.585427	1.02885
533.443	0.692292	1.02885
533.443	0.824094	1.02885
533.443	0.987329	1.02885
533.443	1.19033	1.02885
533.443	1.44382	1.02885
533.443	1.76165	1.02885
533.443	2.16172	1.02885
533.443	2.66728	1.02885
533.443	3.30853	1.02885
533.443	4.12487	1.02885
533.443	5.16771	1.02885
533.443	6.50436	1.02885
533.443	8.22302	1.02885
533.443	10.4395	1.02885
533.443	13.306	1.02885
533.443	17.0228	1.02885
533.443	21.8539	1.02885
533.443	28.147	1.02885
533.443	36.3608	1.02885
533.443	47.1005	1.02885
533.443	61.1643	1.02885
533.443	79.6049	1.02885
533.443	103.81	1.02885
533.443	135.608	1.02885
533.443	177.403	1.02885
533.443	232.356	1.02884
533.443	304.615	1.02884
533.443	399.611	1.02884
533.443	524.44	1.02884
533.443	688.354	1.02884
533.443	903.379	1.02883
533.443	1185.1	1.02883
533.443	1553.65	1.02882
533.443	2034.92	1.02881
533.443	2662.09	1.0288
533.443	3477.51	1.02879
533.443	4534.9	1.02877
533.443	5902.14	1.02875
533.443	7664.47	1.02872
533.443	9928.28	1.02868
533.443	12825.5	1.02863
533.443	16518.8	1.02857
533.443	21206.8	1.02849
533.443	27130.6	1.02839
533.443	34580.2	1.02827
533.443	43901.1	1.02812
533.443	55501.2	1.02793
533.443	69856.9	1.0277
533.443	87518	1.02742
533.443	109112	1.02708
533.443	135344	1.02669
533.443	166997	1.02622
533.443	204922	1.02567
533.443	250031	1.02505
533.443	303277	1.02434
533.443	365633	1.02355
533.443	438057	1.02268
533.443	521456	1.02174
533.443	616644	1.02074
533.443	724284	1.01969
533.443	844836	1.01861
533.443	978498	1.01752
533.443	1.12515e+06	1.01644
533.443	1.28429e+06	1.01539
533.443	1.45499e+06	1.01438
533.443	1.63588e+06	1.01342
533.443	1.82511e+06	1.01253
533.443	2.02032e+06	1.01171
533.443	2.21875e+06	1.01096
533.443	2.41718e+06	1.01029
533.443	2.6121e+06	1.0097
533.443	2.79972e+06	1.00917
533.443	2.97615e+06	1.00872
533.443	3.1375e+06	1.00834
533.443	3.28006e+06	1.00802
533.443	3.40038e+06	1.00777
533.443	3.49548e+06	1.00757
533.443	3.56294e+06	1.00744
533.443	3.60102e+06	1.00737
483.787	0.100249	1.03316
483.787	0.101321	1.03316
483.787	0.103276	1.03316
483.787	0.106164	1.03316
483.787	0.110059	1.03316
483.787	0.11506	1.03316
483.787	0.121298	1.03316
483.787	0.128942	1.03316
483.787	0.138203	1.03316
483.787	0.149347	1.03316
483.787	0.162704	1.03316
483.787	0.178684	1.03316
483.787	0.197797	1.03316
483.787	0.220676	1.03316
483.787	0.248111	1.03316
483.787	0.28109	1.03316
483.787	0.320847	1.03316
483.787	0.368933	1.03316
483.787	0.427302	1.03316
483.787	0.498424	1.03316
483.787	0.585427	1.03316
483.787	0.692292	1.03316
483.787	0.824094	1.03316
483.787	0.987329	1.03316
483.787	1.19033	1.03316
483.787	1.44382	1.03316
483.787	1.76165	1.03316
483.787	2.16172	1.03316
483.787	2.66728	1.03316
483.787	3.30853	1.03316
483.787	4.12487	1.03316
483.787	5.16771	1.03316
483.787	6.50436	1.03316
483.787	8.22302	1.03316
483.787	10.4395	1.03316
483.787	13.306	1.03316
483.787	17.0228	1.03316
483.787	21.8539	1.03316
483.787	28.147	1.03316
483.787	36.3608	1.03316
483.787	47.1005	1.03316
483.787	61.1643	1.03316
483.787	79.6049	1.03316
483.787	103.81	1.03315
483.787	135.608	1.03315
483.787	177.403	1.03315
483.787	232.356	1.03315
483.787	304.615	1.03315
483.787	399.611	1.03315
483.787	524.44	1.03315
483.787	688.354	1.03314
483.787	903.379	1.03314
483.787	1185.1	1.03313
483.787	1553.65	1.03312
483.787	2034.92	1.03311
483.787	2662.09	1.0331
483.787	3477.51	1.03308
483.787	4534.9	1.03305
483.787	5902.14	1.03302
483.787	7664.47	1.03298
483.787	9928.28	1.03293
483.787	12825.5	1.03286
483.787	16518.8	1.03278
483.787	21206.8	1.03267
483.787	27130.6	1.03254
483.787	34580.2	1.03238
483.787	43901.1	1.03217
483.787	55501.2	1.03192
483.787	69856.9	1.03161
483.787	87518	1.03124
483.787	109112	1.0308
483.787	135344	1.03027
483.787	166997	1.02966
483.787	204922	1.02895
483.787	250031	1.02815
483.787	303277	1.02724
483.787	365633	1.02624
483.787	438057	1.02515
483.787	521456	1.02399
483.787	616644	1.02277
483.787	724284	1.02151
483.787	844836	1.02023
483.787	978498	1.01896
483.787	1.12515e+06	1.01772
483.787	1.28429e+06	1.01652
483.787	1.45499e+06	1.01538
483.787	1.63588e+06	1.01432
483.787	1.82511e+06	1.01334
483.787	2.02032e+06	1.01244
483.787	2.21875e+06	1.01163
483.787	2.41718e+06	1.0109
483.787	2.6121e+06	1.01026
483.787	2.79972e+06	1.0097
483.787	2.97615e+06	1.00922
483.787	3.1375e+06	1.00881
483.787	3.28006e+06	1.00847
483.787	3.40038e+06	1.00819
483.787	3.49548e+06	1.00799
483.787	3.56294e+06	1.00785
483.787	3.60102e+06	1.00777
422.569	0.100249	1.03866
422.569	0.101321	1.03866
422.569	0.103276	1.03866
422.569	0.106164	1.03866
422.569	0.110059	1.03866
422.569	0.11506	1.03866
422.569	0.121298	1.03866
422.569	0.128942	1.03866
422.569	0.138203	1.03866
422.569	0.149347	1.03866
422.569	0.162704	1.03866
422.569	0.178684	1.03866
422.569	0.197797	1.03866
422.569	0.220676	1.03866
422.569	0.248111	1.03866
422.569	0.28109	1.03866
422.569	0.320847	1.03866
422.569	0.368933	1.03866
422.569	0.427302	1.03866
422.569	0.498424	1.03866
422.569	0.585427	1.03866
422.569	0.692292	1.03866
422.569	0.824094	1.03866
422.569	0.987329	1.03866
422.569	1.19033	1.03866
422.569	1.44382	1.03866
422.569	1.76165	1.03866
422.569	2.16172	1.03866
422.569	2.66728	1.03866
422.569	3.30853	1.03866
422.569	4.12487	1.03866
422.569	5.16771	1.03866
422.569	6.50436	1.03866
422.569	8.22302	1.03866
422.569	10.4395	1.03866
422.569	13.306	1.03866
422.569	17.0228	1.03866
422.569	21.8539	1.03866
422.569	28.147	1.03866
422.569	36.3608	1.03866
422.569	47.1005	1.03866
422.569	61.1643	1.03866
422.569	79.6049	1.03866
422.569	103.81	1.03866
422.569	135.608	1.03866
422.569	177.403	1.03866
422.569	232.356	1.03866
422.569	304.615	1.03865
422.569	399.611	1.03865
422.569	524.44	1.03865
422.569	688.354	1.03864
422.569	903.379	1.03863
422.569	1185.1	1.03863
422.569	1553.65	1.03861
422.569	2034.92	1.0386
422.569	2662.09	1.03858
422.569	3477.51	1.03855
422.569	4534.9	1.03851
422.569	5902.14	1.03847
422.569	7664.47	1.03841
422.569	9928.28	1.03834
422.569	12825.5	1.03824
422.569	16518.8	1.03812
422.569	21206.8	1.03797
422.569	27130.6	1.03778
422.569	34580.2	1.03755
422.569	43901.1	1.03726
422.569	55501.2	1.0369
422.569	69856.9	1.03647
422.569	87518	1.03595
422.569	109112	1.03534
422.569	135344	1.03462
422.569	166997	1.03378
422.569	204922	1.03283
422.569	250031	1.03175
422.569	303277	1.03056
422.569	365633	1.02926
422.569	438057	1.02788
422.569	521456	1.02642
422.569	616644	1.02492
422.569	724284	1.0234
422.569	844836	1.0219
422.569	978498	1.02042
422.569	1.12515e+06	1.019
422.569	1.28429e+06	1.01765
422.569	1.45499e+06	1.01639
422.569	1.63588e+06	1.01522
422.569	1.82511e+06	1.01414
422.569	2.02032e+06	1.01317
422.569	2.21875e+06	1.01229
422.569	2.41718e+06	1.01151
422.569	2.6121e+06	1.01082
422.569	2.79972e+06	1.01022
422.569	2.97615e+06	1.00971
422.569	3.1375e+06	1.00927
422.569	3.28006e+06	1.00891
422.569	3.40038e+06	1.00862
422.569	3.49548e+06	1.0084
422.569	3.56294e+06	1.00825
422.569	3.60102e+06	1.00817
361.35	0.100249	1.04423
361.35	0.101321	1.04423
361.35	0.103276	1.04423
361.35	0.106164	1.04423
361.35	0.110059	1.04423
361.35	0.11506	1.04423
361.35	0.121298	1.04423
361.35	0.128942	1.04423
361.35	0.138203	1.04423
361.35	0.149347	1.04423
361.35	0.162704	1.04423
361.35	0.178684	1.04423
361.35	0.197797	1.04423
361.35	0.220676	1.04423
361.35	0.248111	1.04423
361.35	0.28109	1.04423
361.35	0.320847	1.04423
361.35	0.368933	1.04423
361.35	0.427302	1.04423
361.35	0.498424	1.04423
361.35	0.585427	1.04423
361.35	0.692292	1.04423
361.35	0.824094	1.04423
361.35	0.987329	1.04423
361.35	1.19033	1.04423
361.35	1.44382	1.04423
361.35	1.76165	1.04423
361.35	2.16172	1.04423
361.35	2.66728	1.04423
361.35	3.30853	1.04423
361.35	4.12487	1.04423
361.35	5.16771	1.04423
361.35	6.50436	1.04423
361.35	8.22302	1.04423
361.35	10.4395	1.04423
361.35	13.306	1.04423
361.35	17.0228	1.04423
361.35	21.8539	1.04423
361.35	28.147	1.04423
361.35	36.3608	1.04423
361.35	47.1005	1.04423
361.35	61.1643	1.04423
361.35	79.6049	1.04423
361.35	103.81	1.04423
361.35	135.608	1.04422
361.35	177.403	1.04422
361.35	232.356	1.04422
361.35	304.615	1.04422
361.35	399.611	1.04421
361.35	524.44	1.04421
361.35	688.354	1.0442
361.35	903.379	1.04419
361.35	1185.1	1.04418
361.35	1553.65	1.04416
361.35	2034.92	1.04413
361.35	2662.09	1.04411
361.35	3477.51	1.04407
361.35	4534.9	1.04402
361.35	5902.14	1.04395
361.35	7664.47	1.04387
361.35	9928.28	1.04377
361.35	12825.5	1.04363
361.35	16518.8	1.04347
361.35	21206.8	1.04325
361.35	27130.6	1.04299
361.35	34580.2	1.04266
361.35	43901.1	1.04226
361.35	55501.2	1.04177
361.35	69856.9	1.04117
361.35	87518	1.04047
361.35	109112	1.03964
361.35	135344	1.03867
361.35	166997	1.03757
361.35	204922	1.03632
361.35	250031	1.03493
361.35	303277	1.03343
361.35	365633	1.03182
361.35	438057	1.03013
361.35	521456	1.0284
361.35	616644	1.02664
361.35	724284	1.0249
361.35	844836	1.0232
361.35	978498	1.02156
361.35	1.12515e+06	1.02
361.35	1.28429e+06	1.01853
361.35	1.45499e+06	1.01716
361.35	1.63588e+06	1.0159
361.35	1.82511e+06	1.01476
361.35	2.02032e+06	1.01372
361.35	2.21875e+06	1.0128
361.35	2.41718e+06	1.01197
361.35	2.6121e+06	1.01125
361.35	2.79972e+06	1.01062
361.35	2.97615e+06	1.01008
361.35	3.1375e+06	1.00963
361.35	3.28006e+06	1.00925
361.35	3.40038e+06	1.00895
361.35	3.49548e+06	1.00872
361.35	3.56294e+06	1.00856
361.35	3.60102e+06	1.00848
331.485	0.100249	1.04687
331.485	0.101321	1.04687
331.485	0.103276	1.04687
331.485	0.106164	1.04687
331.485	0.110059	1.04687
331.485	0.11506	1.04687
331.485	0.121298	1.04687
331.485	0.128942	1.04687
331.485	0.138203	1.04687
331.485	0.149347	1.04687
331.485	0.162704	1.04687
331.485	0.178684	1.04687
331.485	0.197797	1.04687
331.485	0.220676	1.04687
331.485	0.248111	1.04687
331.485	0.28109	1.04687
331.485	0.320847	1.04687
331.485	0.368933	1.04687
331.485	0.427302	1.04687
331.485	0.498424	1.04687
331.485	0.585427	1.04687
331.485	0.692292	1.04687
331.485	0.824094	1.04687
331.485	0.987329	1.04687
331.485	1.19033	1.04687
331.485	1.44382	1.04687
331.485	1.76165	1.04687
331.485	2.16172	1.04687
331.485	2.66728	1.04687
331.485	3.30853	1.04687
331.485	4.12487	1.04687
331.485	5.16771	1.04687
331.485	6.50436	1.04687
331.485	8.22302	1.04687
331.485	10.4395	1.04687
331.485	13.306	1.04687
331.485	17.0228	1.04687
331.485	21.8539	1.04687
331.485	28.147	1.04687
331.485	36.3608	1.04687
331.485	47.1005	1.04687
331.485	61.1643	1.04686
331.485	79.6049	1.04686
331.485	103.81	1.04686
331.485	135.608	1.04686
331.485	177.403	1.04686
331.485	232.356	1.04686
331.485	304.615	1.04685
331.485	399.611	1.04685
331.485	524.44	1.04684
331.485	688.354	1.04683
331.485	903.379	1.04682
331.485	1185.1	1.0468
331.485	1553.65	1.04678
331.485	2034.92	1.04676
331.485	2662.09	1.04672
331.485	3477.51	1.04668
331.485	4534.9	1.04662
331.485	5902.14	1.04654
331.485	7664.47	1.04645
331.485	9928.28	1.04632
331.485	12825.5	1.04617
331.485	16518.8	1.04597
331.485	21206.8	1.04572
331.485	27130.6	1.04541
331.485	34580.2	1.04503
331.485	43901.1	1.04456
331.485	55501.2	1.044
331.485	69856.9	1.04331
331.485	87518	1.0425
331.485	109112	1.04155
331.485	135344	1.04046
331.485	166997	1.03921
331.485	204922	1.03781
331.485	250031	1.03627
331.485	303277	1.03461
331.485	365633	1.03286
331.485	438057	1.03104
331.485	521456	1.02918
331.485	616644	1.02733
331.485	724284	1.02549
331.485	844836	1.02371
331.485	978498	1.022
331.485	1.12515e+06	1.02038
331.485	1.28429e+06	1.01887
331.485	1.45499e+06	1.01746
331.485	1.63588e+06	1.01617
331.485	1.82511e+06	1.015
331.485	2.02032e+06	1.01394
331.485	2.21875e+06	1.013
331.485	2.41718e+06	1.01216
331.485	2.6121e+06	1.01142
331.485	2.79972e+06	1.01078
331.485	2.97615e+06	1.01023
331.485	3.1375e+06	1.00977
331.485	3.28006e+06	1.00938
331.485	3.40038e+06	1.00908
331.485	3.49548e+06	1.00885
331.485	3.56294e+06	1.00869
331.485	3.60102e+06	1.0086
299.459	0.100249	1.04954
299.459	0.101321	1.04954
299.459	0.103276	1.04954
299.459	0.106164	1.04954
299.459	0.110059	1.04954
299.459	0.11506	1.04954
299.459	0.121298	1.04954
299.459	0.128942	1.04954
299.459	0.138203	1.04954
299.459	0.149347	1.04954
299.459	0.162704	1.04954
299.459	0.178684	1.04954
299.459	0.197797	1.04954
299.459	0.220676	1.04954
299.459	0.248111	1.04954
299.459	0.28109	1.04954
299.459	0.320847	1.04954
299.459	0.368933	1.04954
299.459	0.427302	1.04954
299.459	0.498424	1.04954
299.459	0.585427	1.04954
299.459	0.692292	1.04954
299.459	0.824094	1.04954
299.459	0.987329	1.04954
299.459	1.19033	1.04954
299.459	1.44382	1.04954
299.459	1.76165	1.04954
299.459	2.16172	1.04954
299.459	2.66728	1.04954
299.459	3.30853	1.04954
299.459	4.12487	1.04954
299.459	5.16771	1.04954
299.459	6.50436	1.04954
299.459	8.22302	1.04954
299.459	10.4395	1.04954
299.459	13.306	1.04954
299.459	17.0228	1.04954
299.459	21.8539	1.04954
299.459	28.147	1.04954
299.459	36.3608	1.04954
299.459	47.1005	1.04954
299.459	61.1643	1.04954
299.459	79.6049	1.04953
299.459	103.81	1.04953
299.459	135.608	1.04953
299.459	177.403	1.04953
299.459	232.356	1.04952
299.459	304.615	1.04952
299.459	399.611	1.04951
299.459	524.44	1.0495
299.459	688.354	1.04949
299.459	903.379	1.04948
299.459	1185.1	1.04946
299.459	1553.65	1.04944
299.459	2034.92	1.04941
299.459	2662.09	1.04937
299.459	3477.51	1.04931
299.459	4534.9	1.04924
299.459	5902.14	1.04916
299.459	7664.47	1.04904
299.459	9928.28	1.0489
299.459	12825.5	1.04872
299.459	16518.8	1.04849
299.459	21206.8	1.0482
299.459	27130.6	1.04784
299.459	34580.2	1.04739
299.459	43901.1	1.04685
299.459	55501.2	1.0462
299.459	69856.9	1.04541
299.459	87518	1.04449
299.459	109112	1.04341
299.459	135344	1.04217
299.459	166997	1.04076
299.459	204922	1.03921
299.459	250031	1.03752
299.459	303277	1.03571
299.459	365633	1.03381
299.459	438057	1.03187
299.459	521456	1.0299
299.459	616644	1.02795
299.459	724284	1.02603
299.459	844836	1.02418
299.459	978498	1.02241
299.459	1.12515e+06	1.02074
299.459	1.28429e+06	1.01918
299.459	1.45499e+06	1.01774
299.459	1.63588e+06	1.01642
299.459	1.82511e+06	1.01522
299.459	2.02032e+06	1.01414
299.459	2.21875e+06	1.01318
299.459	2.41718e+06	1.01233
299.459	2.6121e+06	1.01158
299.459	2.79972e+06	1.01093
299.459	2.97615e+06	1.01037
299.459	3.1375e+06	1.0099
299.459	3.28006e+06	1.00951
299.459	3.40038e+06	1.0092
299.459	3.49548e+06	1.00896
299.459	3.56294e+06	1.0088
299.459	3.60102e+06	1.00871
269.782	0.100249	1.05177
269.782	0.101321	1.05177
269.782	0.103276	1.05177
269.782	0.106164	1.05177
269.782	0.110059	1.05177
269.782	0.11506	1.05177
269.782	0.121298	1.05177
269.782	0.128942	1.05177
269.782	0.138203	1.05177
269.782	0.149347	1.05177
269.782	0.162704	1.05177
269.782	0.178684	1.05177
269.782	0.197797	1.05177
269.782	0.220676	1.05177
269.782	0.248111	1.05177
269.782	0.28109	1.05177
269.782	0.320847	1.05177
269.782	0.368933	1.05177
269.782	0.427302	1.05177
269.782	0.498424	1.05177
269.782	0.585427	1.05177
269.782	0.692292	1.05177
269.782	0.824094	1.05177
269.782	0.987329	1.05177
269.782	1.19033	1.05177
269.782	1.44382	1.05177
269.782	1.76165	1.05177
269.782	2.16172	1.05177
269.782	2.66728	1.05177
269.782	3.30853	1.05177
269.782	4.12487	1.05177
269.782	5.16771	1.05177
269.782	6.50436	1.05177
269.782	8.22302	1.05177
269.782	10.4395	1.05177
269.782	13.306	1.05177
269.782	17.0228	1.05177
269.782	21.8539	1.05177
269.782	28.147	1.05177
269.782	36.3608	1.05177
269.782	47.1005	1.05177
269.782	61.1643	1.05177
269.782	79.6049	1.05177
269.782	103.81	1.05176
269.782	135.608	1.05176
269.782	177.403	1.05176
269.782	232.356	1.05175
269.782	304.615	1.05175
269.782	399.611	1.05174
269.782	524.44	1.05173
269.782	688.354	1.05172
269.782	903.379	1.0517
269.782	1185.1	1.05168
269.782	1553.65	1.05166
269.782	2034.92	1.05162
269.782	2662.09	1.05157
269.782	3477.51	1.05151
269.782	4534.9	1.05144
269.782	5902.14	1.05133
269.782	7664.47	1.05121
269.782	9928.28	1.05104
269.782	12825.5	1.05083
269.782	16518.8	1.05057
269.782	21206.8	1.05024
269.782	27130.6	1.04984
269.782	34580.2	1.04934
269.782	43901.1	1.04873
269.782	55501.2	1.04799
269.782	69856.9	1.04712
269.782	87518	1.04609
269.782	109112	1.04489
269.782	135344	1.04352
269.782	166997	1.04199
269.782	204922	1.0403
269.782	250031	1.03848
269.782	303277	1.03656
269.782	365633	1.03455
269.782	438057	1.03251
269.782	521456	1.03045
269.782	616644	1.02842
269.782	724284	1.02644
269.782	844836	1.02454
269.782	978498	1.02272
269.782	1.12515e+06	1.02102
269.782	1.28429e+06	1.01942
269.782	1.45499e+06	1.01796
269.782	1.63588e+06	1.01661
269.782	1.82511e+06	1.01539
269.782	2.02032e+06	1.0143
269.782	2.21875e+06	1.01332
269.782	2.41718e+06	1.01246
269.782	2.6121e+06	1.0117
269.782	2.79972e+06	1.01104
269.782	2.97615e+06	1.01047
269.782	3.1375e+06	1.01
269.782	3.28006e+06	1.0096
269.782	3.40038e+06	1.00929
269.782	3.49548e+06	1.00905
269.782	3.56294e+06	1.00889
269.782	3.60102e+06	1.0088
240.104	0.100249	1.05366
240.104	0.101321	1.05366
240.104	0.103276	1.05366
240.104	0.106164	1.05366
240.104	0.110059	1.05366
240.104	0.11506	1.05366
240.104	0.121298	1.05366
240.104	0.128942	1.05366
240.104	0.138203	1.05366
240.104	0.149347	1.05366
240.104	0.162704	1.05366
240.104	0.178684	1.05366
240.104	0.197797	1.05366
240.104	0.220676	1.05366
240.104	0.248111	1.05366
240.104	0.28109	1.05366
240.104	0.320847	1.05366
240.104	0.368933	1.05366
240.104	0.427302	1.05366
240.104	0.498424	1.05366
240.104	0.585427	1.05366
240.104	0.692292	1.05366
240.104	0.824094	1.05366
240.104	0.987329	1.05366
240.104	1.19033	1.05366
240.104	1.44382	1.05366
240.104	1.76165	1.05366
240.104	2.16172	1.05366
240.104	2.66728	1.05366
240.104	3.30853	1.05366
240.104	4.12487	1.05366
240.104	5.16771	1.05366
240.104	6.50436	1.05366
240.104	8.22302	1.05366
240.104	10.4395	1.05366
240.104	13.306	1.05366
240.104	17.0228	1.05366
240.104	21.8539	1.05366
240.104	28.147	1.05366
240.104	36.3608	1.05366
240.104	47.1005	1.05366
240.104	61.1643	1.05366
240.104	79.6049	1.05365
240.104	103.81	1.05365
240.104	135.608	1.05365
240.104	177.403	1.05365
240.104	232.356	1.05364
240.104	304.615	1.05364
240.104	399.611	1.05363
240.104	524.44	1.05362
240.104	688.354	1.0536
240.104	903.379	1.05359
240.104	1185.1	1.05356
240.104	1553.65	1.05353
240.104	2034.92	1.05349
240.104	2662.09	1.05344
240.104	3477.51	1.05337
240.104	4534.9	1.05329
240.104	5902.14	1.05317
240.104	7664.47	1.05303
240.104	9928.28	1.05285
240.104	12825.5	1.05262
240.104	16518.8	1.05233
240.104	21206.8	1.05197
240.104	27130.6	1.05152
240.104	34580.2	1.05097
240.104	43901.1	1.0503
240.104	55501.2	1.04949
240.104	69856.9	1.04853
240.104	87518	1.04741
240.104	109112	1.04611
240.104	135344	1.04464
240.104	166997	1.04299
240.104	204922	1.0412
240.104	250031	1.03927
240.104	303277	1.03725
240.104	365633	1.03515
240.104	438057	1.03303
240.104	521456	1.03091
240.104	616644	1.02882
240.104	724284	1.02678
240.104	844836	1.02483
240.104	978498	1.02298
240.104	1.12515e+06	1.02124
240.104	1.28429e+06	1.01962
240.104	1.45499e+06	1.01813
240.104	1.63588e+06	1.01677
240.104	1.82511e+06	1.01554
240.104	2.02032e+06	1.01443
240.104	2.21875e+06	1.01344
240.104	2.41718e+06	1.01256
240.104	2.6121e+06	1.0118
240.104	2.79972e+06	1.01113
240.104	2.97615e+06	1.01056
240.104	3.1375e+06	1.01008
240.104	3.28006e+06	1.00968
240.104	3.40038e+06	1.00937
240.104	3.49548e+06	1.00913
240.104	3.56294e+06	1.00896
240.104	3.60102e+06	1.00887
210.427	0.100249	1.05511
210.427	0.101321	1.05511
210.427	0.103276	1.05511
210.427	0.106164	1.05511
210.427	0.110059	1.05511
210.427	0.11506	1.05511
210.427	0.121298	1.05511
210.427	0.128942	1.05511
210.427	0.138203	1.05511
210.427	0.149347	1.05511
210.427	0.162704	1.05511
210.427	0.178684	1.05511
210.427	0.197797	1.05511
210.427	0.220676	1.05511
210.427	0.248111	1.05511
210.427	0.28109	1.05511
210.427	0.320847	1.05511
210.427	0.368933	1.05511
210.427	0.427302	1.05511
210.427	0.498424	1.05511
210.427	0.585427	1.05511
210.427	0.692292	1.05511
210.427	0.824094	1.05511
210.427	0.987329	1.05511
210.427	1.19033	1.05511
210.427	1.44382	1.05511
210.427	1.76165	1.05511
210.427	2.16172	1.05511
210.427	2.66728	1.05511
210.427	3.30853	1.05511
210.427	4.12487	1.05511
210.427	5.16771	1.05511
210.427	6.50436	1.05511
210.427	8.22302	1.05511
210.427	10.4395	1.05511
210.427	13.306	1.0551
210.427	17.0228	1.0551
210.427	21.8539	1.0551
210.427	28.147	1.0551
210.427	36.3608	1.0551
210.427	47.1005	1.0551
210.427	61.1643	1.0551
210.427	79.6049	1.0551
210.427	103.81	1.0551
210.427	135.608	1.05509
210.427	177.403	1.05509
210.427	232.356	1.05509
210.427	304.615	1.05508
210.427	399.611	1.05507
210.427	524.44	1.05506
210.427	688.354	1.05504
210.427	903.379	1.05502
210.427	1185.1	1.055
210.427	1553.65	1.05497
210.427	2034.92	1.05492
210.427	2662.09	1.05487
210.427	3477.51	1.0548
210.427	4534.9	1.0547
210.427	5902.14	1.05458
210.427	7664.47	1.05443
210.427	9928.28	1.05423
210.427	12825.5	1.05399
210.427	16518.8	1.05368
210.427	21206.8	1.05329
210.427	27130.6	1.05281
210.427	34580.2	1.05222
210.427	43901.1	1.0515
210.427	55501.2	1.05064
210.427	69856.9	1.04962
210.427	87518	1.04843
210.427	109112	1.04705
210.427	135344	1.0455
210.427	166997	1.04377
210.427	204922	1.04189
210.427	250031	1.03989
210.427	303277	1.03778
210.427	365633	1.03562
210.427	438057	1.03344
210.427	521456	1.03126
210.427	616644	1.02912
210.427	724284	1.02705
210.427	844836	1.02507
210.427	978498	1.02319
210.427	1.12515e+06	1.02142
210.427	1.28429e+06	1.01978
210.427	1.45499e+06	1.01827
210.427	1.63588e+06	1.0169
210.427	1.82511e+06	1.01565
210.427	2.02032e+06	1.01453
210.427	2.21875e+06	1.01353
210.427	2.41718e+06	1.01265
210.427	2.6121e+06	1.01188
210.427	2.79972e+06	1.01121
210.427	2.97615e+06	1.01063
210.427	3.1375e+06	1.01015
210.427	3.28006e+06	1.00975
210.427	3.40038e+06	1.00943
210.427	3.49548e+06	1.00919
210.427	3.56294e+06	1.00902
210.427	3.60102e+06	1.00893
180.75	0.100249	1.05605
180.75	0.101321	1.05605
180.75	0.103276	1.05605
180.75	0.106164	1.05605
180.75	0.110059	1.05605
180.75	0.11506	1.05605
180.75	0.121298	1.05605
180.75	0.128942	1.05605
180.75	0.138203	1.05605
180.75	0.149347	1.05605
180.75	0.162704	1.05605
180.75	0.178684	1.05605
180.75	0.197797	1.05605
180.75	0.220676	1.05605
180.75	0.248111	1.05605
180.75	0.28109	1.05605
180.75	0.320847	1.05605
180.75	0.368933	1.05605
180.75	0.427302	1.05605
180.75	0.498424	1.05605
180.75	0.585427	1.05605
180.75	0.692292	1.05604
180.75	0.824094	1.05604
180.75	0.987329	1.05604
180.75	1.19033	1.05604
180.75	1.44382	1.05604
180.75	1.76165	1.05604
180.75	2.16172	1.05604
180.75	2.66728	1.05604
180.75	3.30853	1.05604
180.75	4.12487	1.05604
180.75	5.16771	1.05604
180.75	6.50436	1.05604
180.75	8.22302	1.05604
180.75	10.4395	1.05604
180.75	13.306	1.05604
180.75	17.0228	1.05604
180.75	21.8539	1.05604
180.75	28.147	1.05604
180.75	36.3608	1.05604
180.75	47.1005	1.05604
180.75	61.1643	1.05604
180.75	79.6049	1.05604
180.75	103.81	1.05604
180.75	135.608	1.05603
180.75	177.403	1.05603
180.75	232.356	1.05602
180.75	304.615	1.05602
180.75	399.611	1.05601
180.75	524.44	1.056
180.75	688.354	1.05598
180.75	903.379	1.05596
180.75	1185.1	1.05594
180.75	1553.65	1.0559
180.75	2034.92	1.05586
180.75	2662.09	1.0558
180.75	3477.51	1.05573
180.75	4534.9	1.05563
180.75	5902.14	1.05551
180.75	7664.47	1.05535
180.75	9928.28	1.05515
180.75	12825.5	1.0549
180.75	16518.8	1.05458
180.75	21206.8	1.05418
180.75	27130.6	1.05369
180.75	34580.2	1.05308
180.75	43901.1	1.05234
180.75	55501.2	1.05145
180.75	69856.9	1.05039
180.75	87518	1.04916
180.75	109112	1.04773
180.75	135344	1.04612
180.75	166997	1.04434
180.75	204922	1.0424
180.75	250031	1.04034
180.75	303277	1.03818
180.75	365633	1.03597
180.75	438057	1.03374
180.75	521456	1.03153
180.75	616644	1.02935
180.75	724284	1.02725
180.75	844836	1.02524
180.75	978498	1.02334
180.75	1.12515e+06	1.02155
180.75	1.28429e+06	1.0199
180.75	1.45499e+06	1.01838
180.75	1.63588e+06	1.01699
180.75	1.82511e+06	1.01573
180.75	2.02032e+06	1.01461
180.75	2.21875e+06	1.0136
180.75	2.41718e+06	1.01271
180.75	2.6121e+06	1.01194
180.75	2.79972e+06	1.01126
180.75	2.97615e+06	1.01068
180.75	3.1375e+06	1.01019
180.75	3.28006e+06	1.00979
180.75	3.40038e+06	1.00947
180.75	3.49548e+06	1.00923
180.75	3.56294e+06	1.00906
180.75	3.60102e+06	1.00897
151.328	0.100249	1.0565
151.328	0.101321	1.0565
151.328	0.103276	1.0565
151.328	0.106164	1.0565
151.328	0.110059	1.0565
151.328	0.11506	1.0565
151.328	0.121298	1.0565
151.328	0.128942	1.0565
151.328	0.138203	1.0565
151.328	0.149347	1.0565
151.328	0.162704	1.0565
151.328	0.178684	1.0565
151.328	0.197797	1.0565
151.328	0.220676	1.0565
151.328	0.248111	1.0565
151.328	0.28109	1.0565
151.328	0.320847	1.0565
151.328	0.368933	1.0565
151.328	0.427302	1.0565
151.328	0.498424	1.0565
151.328	0.585427	1.0565
151.328	0.692292	1.0565
151.328	0.824094	1.0565
151.328	0.987329	1.0565
151.328	1.19033	1.0565
151.328	1.44382	1.0565
151.328	1.76165	1.0565
151.328	2.16172	1.0565
151.328	2.66728	1.0565
151.328	3.30853	1.0565
151.328	4.12487	1.0565
151.328	5.16771	1.0565
151.328	6.50436	1.0565
151.328	8.22302	1.0565
151.328	10.4395	1.0565
151.328	13.306	1.0565
151.328	17.0228	1.0565
151.328	21.8539	1.0565
151.328	28.147	1.0565
151.328	36.3608	1.0565
151.328	47.1005	1.0565
151.328	61.1643	1.0565
151.328	79.6049	1.05649
151.328	103.81	1.05649
151.328	135.608	1.05649
151.328	177.403	1.05649
151.328	232.356	1.05648
151.328	304.615	1.05647
151.328	399.611	1.05647
151.328	524.44	1.05646
151.328	688.354	1.05644
151.328	903.379	1.05642
151.328	1185.1	1.0564
151.328	1553.65	1.05636
151.328	2034.92	1.05632
151.328	2662.09	1.05627
151.328	3477.51	1.05619
151.328	4534.9	1.0561
151.328	5902.14	1.05598
151.328	7664.47	1.05583
151.328	9928.28	1.05564
151.328	12825.5	1.05539
151.328	16518.8	1.05507
151.328	21206.8	1.05468
151.328	27130.6	1.05419
151.328	34580.2	1.05359
151.328	43901.1	1.05285
151.328	55501.2	1.05196
151.328	69856.9	1.05089
151.328	87518	1.04963
151.328	109112	1.04818
151.328	135344	1.04654
151.328	166997	1.04472
151.328	204922	1.04274
151.328	250031	1.04064
151.328	303277	1.03845
151.328	365633	1.03621
151.328	438057	1.03395
151.328	521456	1.0317
151.328	616644	1.02951
151.328	724284	1.02739
151.328	844836	1.02536
151.328	978498	1.02344
151.328	1.12515e+06	1.02164
151.328	1.28429e+06	1.01998
151.328	1.45499e+06	1.01845
151.328	1.63588e+06	1.01705
151.328	1.82511e+06	1.01579
151.328	2.02032e+06	1.01466
151.328	2.21875e+06	1.01365
151.328	2.41718e+06	1.01276
151.328	2.6121e+06	1.01198
151.328	2.79972e+06	1.0113
151.328	2.97615e+06	1.01072
151.328	3.1375e+06	1.01023
151.328	3.28006e+06	1.00982
151.328	3.40038e+06	1.0095
151.328	3.49548e+06	1.00926
151.328	3.56294e+06	1.00909
151.328	3.60102e+06	1.009
127.649	0.100249	1.05661
127.649	0.101321	1.05661
127.649	0.103276	1.05661
127.649	0.106164	1.05661
127.649	0.110059	1.05661
127.649	0.11506	1.05661
127.649	0.121298	1.05661
127.649	0.128942	1.05661
127.649	0.138203	1.05661
127.649	0.149347	1.05661
127.649	0.162704	1.05661
127.649	0.178684	1.05661
127.649	0.197797	1.05661
127.649	0.220676	1.05661
127.649	0.248111	1.05661
127.649	0.28109	1.05661
127.649	0.320847	1.05661
127.649	0.368933	1.05661
127.649	0.427302	1.05661
127.649	0.498424	1.05661
127.649	0.585427	1.05661
127.649	0.692292	1.05661
127.649	0.824094	1.05661
127.649	0.987329	1.05661
127.649	1.19033	1.05661
127.649	1.44382	1.05661
127.649	1.76165	1.05661
127.649	2.16172	1.05661
127.649	2.66728	1.05661
127.649	3.30853	1.05661
127.649	4.12487	1.05661
127.649	5.16771	1.05661
127.649	6.50436	1.05661
127.649	8.22302	1.05661
127.649	10.4395	1.05661
127.649	13.306	1.05661
127.649	17.0228	1.05661
127.649	21.8539	1.05661
127.649	28.147	1.05661
127.649	36.3608	1.05661
127.649	47.1005	1.0566
127.649	61.1643	1.0566
127.649	79.6049	1.0566
127.649	103.81	1.0566
127.649	135.608	1.0566
127.649	177.403	1.05659
127.649	232.356	1.05659
127.649	304.615	1.05658
127.649	399.611	1.05658
127.649	524.44	1.05656
127.649	688.354	1.05655
127.649	903.379	1.05653
127.649	1185.1	1.05651
127.649	1553.65	1.05648
127.649	2034.92	1.05644
127.649	2662.09	1.05639
127.649	3477.51	1.05632
127.649	4534.9	1.05624
127.649	5902.14	1.05612
127.649	7664.47	1.05598
127.649	9928.28	1.0558
127.649	12825.5	1.05556
127.649	16518.8	1.05526
127.649	21206.8	1.05488
127.649	27130.6	1.05441
127.649	34580.2	1.05382
127.649	43901.1	1.05309
127.649	55501.2	1.0522
127.649	69856.9	1.05113
127.649	87518	1.04987
127.649	109112	1.04841
127.649	135344	1.04675
127.649	166997	1.04491
127.649	204922	1.04292
127.649	250031	1.0408
127.649	303277	1.03859
127.649	365633	1.03633
127.649	438057	1.03405
127.649	521456	1.03179
127.649	616644	1.02959
127.649	724284	1.02745
127.649	844836	1.02542
127.649	978498	1.02349
127.649	1.12515e+06	1.02169
127.649	1.28429e+06	1.02002
127.649	1.45499e+06	1.01848
127.649	1.63588e+06	1.01708
127.649	1.82511e+06	1.01582
127.649	2.02032e+06	1.01468
127.649	2.21875e+06	1.01367
127.649	2.41718e+06	1.01278
127.649	2.6121e+06	1.012
127.649	2.79972e+06	1.01132
127.649	2.97615e+06	1.01073
127.649	3.1375e+06	1.01024
127.649	3.28006e+06	1.00984
127.649	3.40038e+06	1.00952
127.649	3.49548e+06	1.00927
127.649	3.56294e+06	1.00911
127.649	3.60102e+06	1.00902
106.454	0.100249	1.05659
106.454	0.101321	1.05659
106.454	0.103276	1.05659
106.454	0.106164	1.05659
106.454	0.110059	1.05659
106.454	0.11506	1.05659
106.454	0.121298	1.05659
106.454	0.128942	1.05659
106.454	0.138203	1.05659
106.454	0.149347	1.05659
106.454	0.162704	1.05659
106.454	0.178684	1.05659
106.454	0.197797	1.05659
106.454	0.220676	1.05659
106.454	0.248111	1.05659
106.454	0.28109	1.05659
106.454	0.320847	1.05659
106.454	0.368933	1.05659
106.454	0.427302	1.05659
106.454	0.498424	1.05659
106.454	0.585427	1.05659
106.454	0.692292	1.05659
106.454	0.824094	1.05659
106.454	0.987329	1.05659
106.454	1.19033	1.05659
106.454	1.44382	1.05659
106.454	1.76165	1.05659
106.454	2.16172	1.05659
106.454	2.66728	1.05659
106.454	3.30853	1.05659
106.454	4.12487	1.05659
106.454	5.16771	1.05659
106.454	6.50436	1.05659
106.454	8.22302	1.05659
106.454	10.4395	1.05659
106.454	13.306	1.05659
106.454	17.0228	1.05659
106.454	21.8539	1.05659
106.454	28.147	1.05659
106.454	36.3608	1.05659
106.454	47.1005	1.05659
106.454	61.1643	1.05659
106.454	79.6049	1.05659
106.454	103.81	1.05658
106.454	135.608	1.05658
106.454	177.403	1.05658
106.454	232.356	1.05657
106.454	304.615	1.05657
106.454	399.611	1.05656
106.454	524.44	1.05655
106.454	688.354	1.05654
106.454	903.379	1.05652
106.454	1185.1	1.0565
106.454	1553.65	1.05648
106.454	2034.92	1.05644
106.454	2662.09	1.05639
106.454	3477.51	1.05633
106.454	4534.9	1.05625
106.454	5902.14	1.05615
106.454	7664.47	1.05601
106.454	9928.28	1.05584
106.454	12825.5	1.05562
106.454	16518.8	1.05533
106.454	21206.8	1.05497
106.454	27130.6	1.05451
106.454	34580.2	1.05393
106.454	43901.1	1.05321
106.454	55501.2	1.05232
106.454	69856.9	1.05126
106.454	87518	1.05
106.454	109112	1.04853
106.454	135344	1.04687
106.454	166997	1.04502
106.454	204922	1.04301
106.454	250031	1.04088
106.454	303277	1.03866
106.454	365633	1.03639
106.454	438057	1.03411
106.454	521456	1.03184
106.454	616644	1.02963
106.454	724284	1.02749
106.454	844836	1.02545
106.454	978498	1.02352
106.454	1.12515e+06	1.02171
106.454	1.28429e+06	1.02004
106.454	1.45499e+06	1.0185
106.454	1.63588e+06	1.0171
106.454	1.82511e+06	1.01583
106.454	2.02032e+06	1.0147
106.454	2.21875e+06	1.01368
106.454	2.41718e+06	1.01279
106.454	2.6121e+06	1.01201
106.454	2.79972e+06	1.01133
106.454	2.97615e+06	1.01074
106.454	3.1375e+06	1.01025
106.454	3.28006e+06	1.00985
106.454	3.40038e+06	1.00953
106.454	3.49548e+06	1.00928
106.454	3.56294e+06	1.00912
106.454	3.60102e+06	1.00902
85.2594	0.100249	1.05654
85.2594	0.101321	1.05654
85.2594	0.103276	1.05654
85.2594	0.106164	1.05654
85.2594	0.110059	1.05654
85.2594	0.11506	1.05654
85.2594	0.121298	1.05654
85.2594	0.128942	1.05654
85.2594	0.138203	1.05654
85.2594	0.149347	1.05654
85.2594	0.162704	1.05654
85.2594	0.178684	1.05654
85.2594	0.197797	1.05654
85.2594	0.220676	1.05654
85.2594	0.248111	1.05654
85.2594	0.28109	1.05654
85.2594	0.320847	1.05654
85.2594	0.368933	1.05654
85.2594	0.427302	1.05654
85.2594	0.498424	1.05654
85.2594	0.585427	1.05654
85.2594	0.692292	1.05654
85.2594	0.824094	1.05654
85.2594	0.987329	1.05654
85.2594	1.19033	1.05654
85.2594	1.44382	1.05654
85.2594	1.76165	1.05654
85.2594	2.16172	1.05654
85.2594	2.66728	1.05654
85.2594	3.30853	1.05654
85.2594	4.12487	1.05654
85.2594	5.16771	1.05654
85.2594	6.50436	1.05654
85.2594	8.22302	1.05654
85.2594	10.4395	1.05654
85.2594	13.306	1.05654
85.2594	17.0228	1.05654
85.2594	21.8539	1.05654
85.2594	28.147	1.05654
85.2594	36.3608	1.05654
85.2594	47.1005	1.05654
85.2594	61.1643	1.05654
85.2594	79.6049	1.05654
85.2594	103.81	1.05654
85.2594	135.608	1.05653
85.2594	177.403	1.05653
85.2594	232.356	1.05653
85.2594	304.615	1.05652
85.2594	399.611	1.05652
85.2594	524.44	1.05651
85.2594	688.354	1.0565
85.2594	903.379	1.05648
85.2594	1185.1	1.05646
85.2594	1553.65	1.05644
85.2594	2034.92	1.0564
85.2594	2662.09	1.05636
85.2594	3477.51	1.0563
85.2594	4534.9	1.05623
85.2594	5902.14	1.05613
85.2594	7664.47	1.05601
85.2594	9928.28	1.05584
85.2594	12825.5	1.05563
85.2594	16518.8	1.05536
85.2594	21206.8	1.05501
85.2594	27130.6	1.05455
85.2594	34580.2	1.05399
85.2594	43901.1	1.05327
85.2594	55501.2	1.05239
85.2594	69856.9	1.05133
85.2594	87518	1.05006
85.2594	109112	1.0486
85.2594	135344	1.04693
85.2594	166997	1.04507
85.2594	204922	1.04306
85.2594	250031	1.04093
85.2594	303277	1.0387
85.2594	365633	1.03642
85.2594	438057	1.03414
85.2594	521456	1.03187
85.2594	616644	1.02965
85.2594	724284	1.02751
85.2594	844836	1.02546
85.2594	978498	1.02353
85.2594	1.12515e+06	1.02173
85.2594	1.28429e+06	1.02005
85.2594	1.45499e+06	1.01851
85.2594	1.63588e+06	1.01711
85.2594	1.82511e+06	1.01584
85.2594	2.02032e+06	1.0147
85.2594	2.21875e+06	1.01369
85.2594	2.41718e+06	1.0128
85.2594	2.6121e+06	1.01201
85.2594	2.79972e+06	1.01133
85.2594	2.97615e+06	1.01075
85.2594	3.1375e+06	1.01026
85.2594	3.28006e+06	1.00985
85.2594	3.40038e+06	1.00953
85.2594	3.49548e+06	1.00929
85.2594	3.56294e+06	1.00912
85.2594	3.60102e+06	1.00903
64.0647	0.100249	1.0565
64.0647	0.101321	1.0565
64.0647	0.103276	1.0565
64.0647	0.106164	1.0565
64.0647	0.110059	1.0565
64.0647	0.11506	1.0565
64.0647	0.121298	1.0565
64.0647	0.128942	1.0565
64.0647	0.138203	1.0565
64.0647	0.149347	1.0565
64.0647	0.162704	1.0565
64.0647	0.178684	1.0565
64.0647	0.197797	1.0565
64.0647	0.220676	1.0565
64.0647	0.248111	1.0565
64.0647	0.28109	1.0565
64.0647	0.320847	1.0565
64.0647	0.368933	1.0565
64.0647	0.427302	1.0565
64.0647	0.498424	1.0565
64.0647	0.585427	1.0565
64.0647	0.692292	1.0565
64.0647	0.824094	1.0565
64.0647	0.987329	1.0565
64.0647	1.19033	1.0565
64.0647	1.44382	1.0565
64.0647	1.76165	1.0565
64.0647	2.16172	1.0565
64.0647	2.66728	1.0565
64.0647	3.30853	1.0565
64.0647	4.12487	1.0565
64.0647	5.16771	1.0565
64.0647	6.50436	1.0565
64.0647	8.22302	1.0565
64.0647	10.4395	1.0565
64.0647	13.306	1.0565
64.0647	17.0228	1.0565
64.0647	21.8539	1.0565
64.0647	28.147	1.0565
64.0647	36.3608	1.0565
64.0647	47.1005	1.0565
64.0647	61.1643	1.0565
64.0647	79.6049	1.0565
64.0647	103.81	1.0565
64.0647	135.608	1.0565
64.0647	177.403	1.05649
64.0647	232.356	1.05649
64.0647	304.615	1.05649
64.0647	399.611	1.05648
64.0647	524.44	1.05647
64.0647	688.354	1.05646
64.0647	903.379	1.05645
64.0647	1185.1	1.05643
64.0647	1553.65	1.05641
64.0647	2034.92	1.05637
64.0647	2662.09	1.05633
64.0647	3477.51	1.05628
64.0647	4534.9	1.05621
64.0647	5902.14	1.05612
64.0647	7664.47	1.056
64.0647	9928.28	1.05584
64.0647	12825.5	1.05563
64.0647	16518.8	1.05537
64.0647	21206.8	1.05502
64.0647	27130.6	1.05458
64.0647	34580.2	1.05401
64.0647	43901.1	1.0533
64.0647	55501.2	1.05242
64.0647	69856.9	1.05136
64.0647	87518	1.05009
64.0647	109112	1.04862
64.0647	135344	1.04695
64.0647	166997	1.0451
64.0647	204922	1.04308
64.0647	250031	1.04094
64.0647	303277	1.03872
64.0647	365633	1.03644
64.0647	438057	1.03415
64.0647	521456	1.03188
64.0647	616644	1.02966
64.0647	724284	1.02752
64.0647	844836	1.02547
64.0647	978498	1.02354
64.0647	1.12515e+06	1.02173
64.0647	1.28429e+06	1.02006
64.0647	1.45499e+06	1.01852
64.0647	1.63588e+06	1.01711
64.0647	1.82511e+06	1.01584
64.0647	2.02032e+06	1.01471
64.0647	2.21875e+06	1.01369
64.0647	2.41718e+06	1.0128
64.0647	2.6121e+06	1.01201
64.0647	2.79972e+06	1.01133
64.0647	2.97615e+06	1.01075
64.0647	3.1375e+06	1.01026
64.0647	3.28006e+06	1.00985
64.0647	3.40038e+06	1.00953
64.0647	3.49548e+06	1.00929
64.0647	3.56294e+06	1.00912
64.0647	3.60102e+06	1.00903
52.5327	0.100249	1.05649
52.5327	0.101321	1.05649
52.5327	0.103276	1.05649
52.5327	0.106164	1.05649
52.5327	0.110059	1.05649
52.5327	0.11506	1.05649
52.5327	0.121298	1.05649
52.5327	0.128942	1.05649
52.5327	0.138203	1.05649
52.5327	0.149347	1.05649
52.5327	0.162704	1.05649
52.5327	0.178684	1.05649
52.5327	0.197797	1.05649
52.5327	0.220676	1.05649
52.5327	0.248111	1.05649
52.5327	0.28109	1.05649
52.5327	0.320847	1.05649
52.5327	0.368933	1.05649
52.5327	0.427302	1.05649
52.5327	0.498424	1.05649
52.5327	0.585427	1.05649
52.5327	0.692292	1.05649
52.5327	0.824094	1.05649
52.5327	0.987329	1.05649
52.5327	1.19033	1.05649
52.5327	1.44382	1.05649
52.5327	1.76165	1.05649
52.5327	2.16172	1.05649
52.5327	2.66728	1.05649
52.5327	3.30853	1.05649
52.5327	4.12487	1.05649
52.5327	5.16771	1.05649
52.5327	6.50436	1.05649
52.5327	8.22302	1.05649
52.5327	10.4395	1.05649
52.5327	13.306	1.05649
52.5327	17.0228	1.05649
52.5327	21.8539	1.05649
52.5327	28.147	1.05649
52.5327	36.3608	1.05649
52.5327	47.1005	1.05649
52.5327	61.1643	1.05649
52.5327	79.6049	1.05649
52.5327	103.81	1.05649
52.5327	135.608	1.05649
52.5327	177.403	1.05648
52.5327	232.356	1.05648
52.5327	304.615	1.05648
52.5327	399.611	1.05647
52.5327	524.44	1.05646
52.5327	688.354	1.05645
52.5327	903.379	1.05644
52.5327	1185.1	1.05642
52.5327	1553.65	1.0564
52.5327	2034.92	1.05637
52.5327	2662.09	1.05633
52.5327	3477.51	1.05627
52.5327	4534.9	1.0562
52.5327	5902.14	1.05611
52.5327	7664.47	1.05599
52.5327	9928.28	1.05584
52.5327	12825.5	1.05563
52.5327	16518.8	1.05537
52.5327	21206.8	1.05502
52.5327	27130.6	1.05458
52.5327	34580.2	1.05402
52.5327	43901.1	1.05331
52.5327	55501.2	1.05243
52.5327	69856.9	1.05137
52.5327	87518	1.0501
52.5327	109112	1.04863
52.5327	135344	1.04696
52.5327	166997	1.0451
52.5327	204922	1.04309
52.5327	250031	1.04095
52.5327	303277	1.03872
52.5327	365633	1.03644
52.5327	438057	1.03415
52.5327	521456	1.03188
52.5327	616644	1.02966
52.5327	724284	1.02752
52.5327	844836	1.02547
52.5327	978498	1.02354
52.5327	1.12515e+06	1.02173
52.5327	1.28429e+06	1.02006
52.5327	1.45499e+06	1.01852
52.5327	1.63588e+06	1.01711
52.5327	1.82511e+06	1.01584
52.5327	2.02032e+06	1.01471
52.5327	2.21875e+06	1.01369
52.5327	2.41718e+06	1.0128
52.5327	2.6121e+06	1.01201
52.5327	2.79972e+06	1.01133
52.5327	2.97615e+06	1.01075
52.5327	3.1375e+06	1.01026
52.5327	3.28006e+06	1.00985
52.5327	3.40038e+06	1.00953
52.5327	3.49548e+06	1.00929
52.5327	3.56294e+06	1.00912
52.5327	3.60102e+06	1.00903
38.3018	0.100249	1.05649
38.3018	0.101321	1.05649
38.3018	0.103276	1.05649
38.3018	0.106164	1.05649
38.3018	0.110059	1.05649
38.3018	0.11506	1.05649
38.3018	0.121298	1.05649
38.3018	0.128942	1.05649
38.3018	0.138203	1.05649
38.3018	0.149347	1.05649
38.3018	0.162704	1.05649
38.3018	0.178684	1.05649
38.3018	0.197797	1.05649
38.3018	0.220676	1.05649
38.3018	0.248111	1.05649
38.3018	0.28109	1.05649
38.3018	0.320847	1.05649
38.3018	0.368933	1.05649
38.3018	0.427302	1.05649
38.3018	0.498424	1.05649
38.3018	0.585427	1.05649
38.3018	0.692292	1.05649
38.3018	0.824094	1.05649
38.3018	0.987329	1.05649
38.3018	1.19033	1.05649
38.3018	1.44382	1.05649
38.3018	1.76165	1.05649
38.3018	2.16172	1.05649
38.3018	2.66728	1.05649
38.3018	3.30853	1.05649
38.3018	4.12487	1.05649
38.3018	5.16771	1.05649
38.3018	6.50436	1.05649
38.3018	8.22302	1.05649
38.3018	10.4395	1.05649
38.3018	13.306	1.05649
38.3018	17.0228	1.05649
38.3018	21.8539	1.05649
38.3018	28.147	1.05649
38.3018	36.3608	1.05649
38.3018	47.1005	1.05649
38.3018	61.1643	1.05649
38.3018	79.6049	1.05648
38.3018	103.81	1.05648
38.3018	135.608	1.05648
38.3018	177.403	1.05648
38.3018	232.356	1.05647
38.3018	304.615	1.05647
38.3018	399.611	1.05646
38.3018	524.44	1.05646
38.3018	688.354	1.05645
38.3018	903.379	1.05643
38.3018	1185.1	1.05642
38.3018	1553.65	1.05639
38.3018	2034.92	1.05636
38.3018	2662.09	1.05632
38.3018	3477.51	1.05627
38.3018	4534.9	1.0562
38.3018	5902.14	1.05611
38.3018	7664.47	1.05599
38.3018	9928.28	1.05584
38.3018	12825.5	1.05563
38.3018	16518.8	1.05537
38.3018	21206.8	1.05502
38.3018	27130.6	1.05458
38.3018	34580.2	1.05402
38.3018	43901.1	1.05331
38.3018	55501.2	1.05243
38.3018	69856.9	1.05137
38.3018	87518	1.0501
38.3018	109112	1.04863
38.3018	135344	1.04696
38.3018	166997	1.0451
38.3018	204922	1.04309
38.3018	250031	1.04095
38.3018	303277	1.03872
38.3018	365633	1.03644
38.3018	438057	1.03415
38.3018	521456	1.03188
38.3018	616644	1.02966
38.3018	724284	1.02752
38.3018	844836	1.02547
38.3018	978498	1.02354
38.3018	1.12515e+06	1.02173
38.3018	1.28429e+06	1.02006
38.3018	1.45499e+06	1.01852
38.3018	1.63588e+06	1.01711
38.3018	1.82511e+06	1.01584
38.3018	2.02032e+06	1.01471
38.3018	2.21875e+06	1.01369
38.3018	2.41718e+06	1.0128
38.3018	2.6121e+06	1.01201
38.3018	2.79972e+06	1.01133
38.3018	2.97615e+06	1.01075
38.3018	3.1375e+06	1.01026
38.3018	3.28006e+06	1.00986
38.3018	3.40038e+06	1.00953
38.3018	3.49548e+06	1.00929
38.3018	3.56294e+06	1.00912
38.3018	3.60102e+06	1.00903
24.071	0.100249	1.05649
24.071	0.101321	1.05649
24.071	0.103276	1.05649
24.071	0.106164	1.05649
24.071	0.110059	1.05649
24.071	0.11506	1.05649
24.071	0.121298	1.05649
24.071	0.128942	1.05649
24.071	0.138203	1.05649
24.071	0.149347	1.05649
24.071	0.162704	1.05649
24.071	0.178684	1.05649
24.071	0.197797	1.05649
24.071	0.220676	1.05649
24.071	0.248111	1.05649
24.071	0.28109	1.05649
24.071	0.320847	1.05649
24.071	0.368933	1.05649
24.071	0.427302	1.05649
24.071	0.498424	1.05649
24.071	0.585427	1.05649
24.071	0.692292	1.05649
24.071	0.824094	1.05649
24.071	0.987329	1.05649
24.071	1.19033	1.05649
24.071	1.44382	1.05649
24.071	1.76165	1.05649
24.071	2.16172	1.05649
24.071	2.66728	1.05649
24.071	3.30853	1.05649
24.071	4.12487	1.05649
24.071	5.16771	1.05649
24.071	6.50436	1.05649
24.071	8.22302	1.05649
24.071	10.4395	1.05649
24.071	13.306	1.05649
24.071	17.0228	1.05649
24.071	21.8539	1.05649
24.071	28.147	1.05649
24.071	36.3608	1.05649
24.071	47.1005	1.05648
24.071	61.1643	1.05648
24.071	79.6049	1.05648
24.071	103.81	1.05648
24.071	135.608	1.05648
24.071	177.403	1.05648
24.071	232.356	1.05647
24.071	304.615	1.05647
24.071	399.611	1.05646
24.071	524.44	1.05646
24.071	688.354	1.05645
24.071	903.379	1.05643
24.071	1185.1	1.05642
24.071	1553.65	1.05639
24.071	2034.92	1.05636
24.071	2662.09	1.05632
24.071	3477.51	1.05627
24.071	4534.9	1.0562
24.071	5902.14	1.05611
24.071	7664.47	1.05599
24.071	9928.28	1.05584
24.071	12825.5	1.05563
24.071	16518.8	1.05537
24.071	21206.8	1.05503
24.071	27130.6	1.05458
24.071	34580.2	1.05402
24.071	43901.1	1.05331
24.071	55501.2	1.05243
24.071	69856.9	1.05137
24.071	87518	1.0501
24.071	109112	1.04863
24.071	135344	1.04696
24.071	166997	1.0451
24.071	204922	1.04309
24.071	250031	1.04095
24.071	303277	1.03872
24.071	365633	1.03644
24.071	438057	1.03415
24.071	521456	1.03188
24.071	616644	1.02966
24.071	724284	1.02752
24.071	844836	1.02547
24.071	978498	1.02354
24.071	1.12515e+06	1.02173
24.071	1.28429e+06	1.02006
24.071	1.45499e+06	1.01852
24.071	1.63588e+06	1.01711
24.071	1.82511e+06	1.01584
24.071	2.02032e+06	1.01471
24.071	2.21875e+06	1.01369
24.071	2.41718e+06	1.0128
24.071	2.6121e+06	1.01201
24.071	2.79972e+06	1.01133
24.071	2.97615e+06	1.01075
24.071	3.1375e+06	1.01026
24.071	3.28006e+06	1.00986
24.071	3.40038e+06	1.00953
24.071	3.49548e+06	1.00929
24.071	3.56294e+06	1.00912
24.071	3.60102e+06	1.00903
11.7154	0.100249	1.05649
11.7154	0.101321	1.05649
11.7154	0.103276	1.05649
11.7154	0.106164	1.05649
11.7154	0.110059	1.05649
11.7154	0.11506	1.05649
11.7154	0.121298	1.05649
11.7154	0.128942	1.05649
11.7154	0.138203	1.05649
11.7154	0.149347	1.05649
11.7154	0.162704	1.05649
11.7154	0.178684	1.05649
11.7154	0.197797	1.05649
11.7154	0.220676	1.05649
11.7154	0.248111	1.05649
11.7154	0.28109	1.05649
11.7154	0.320847	1.05649
11.7154	0.368933	1.05649
11.7154	0.427302	1.05649
11.7154	0.498424	1.05649
11.7154	0.585427	1.05649
11.7154	0.692292	1.05649
11.7154	0.824094	1.05649
11.7154	0.987329	1.05649
11.7154	1.19033	1.05649
11.7154	1.44382	1.05649
11.7154	1.76165	1.05649
11.7154	2.16172	1.05649
11.7154	2.66728	1.05649
11.7154	3.30853	1.05649
11.7154	4.12487	1.05649
11.7154	5.16771	1.05649
11.7154	6.50436	1.05649
11.7154	8.22302	1.05649
11.7154	10.4395	1.05649
11.7154	13.306	1.05649
11.7154	17.0228	1.05649
11.7154	21.8539	1.05649
11.7154	28.147	1.05649
11.7154	36.3608	1.05649
11.7154	47.1005	1.05648
11.7154	61.1643	1.05648
11.7154	79.6049	1.05648
11.7154	103.81	1.05648
11.7154	135.608	1.05648
11.7154	177.403	1.05648
11.7154	232.356	1.05647
11.7154	304.615	1.05647
11.7154	399.611	1.05646
11.7154	524.44	1.05646
11.7154	688.354	1.05645
11.7154	903.379	1.05643
11.7154	1185.1	1.05642
11.7154	1553.65	1.05639
11.7154	2034.92	1.05636
11.7154	2662.09	1.05632
11.7154	3477.51	1.05627
11.7154	4534.9	1.0562
11.7154	5902.14	1.05611
11.7154	7664.47	1.05599
11.7154	9928.28	1.05584
11.7154	12825.5	1.05563
11.7154	16518.8	1.05537
11.7154	21206.8	1.05503
11.7154	27130.6	1.05458
11.7154	34580.2	1.05402
11.7154	43901.1	1.05331
11.7154	55501.2	1.05243
11.7154	69856.9	1.05137
11.7154	87518	1.0501
11.7154	109112	1.04863
11.7154	135344	1.04696
11.7154	166997	1.0451
11.7154	204922	1.04309
11.7154	250031	1.04095
11.7154	303277	1.03872
11.7154	365633	1.03644
11.7154	438057	1.03415
11.7154	521456	1.03188
11.7154	616644	1.02966
11.7154	724284	1.02752
11.7154	844836	1.02547
11.7154	978498	1.02354
11.7154	1.12515e+06	1.02173
11.7154	1.28429e+06	1.02006
11.7154	1.45499e+06	1.01852
11.7154	1.63588e+06	1.01711
11.7154	1.82511e+06	1.01584
11.7154	2.02032e+06	1.01471
11.7154	2.21875e+06	1.01369
11.7154	2.41718e+06	1.0128
11.7154	2.6121e+06	1.01201
11.7154	2.79972e+06	1.01133
11.7154	2.97615e+06	1.01075
11.7154	3.1375e+06	1.01026
11.7154	3.28006e+06	1.00986
11.7154	3.40038e+06	1.00953
11.7154	3.49548e+06	1.00929
11.7154	3.56294e+06	1.00912
11.7154	3.60102e+06	1.00903
0.1	0.100249	1.05649
0.1	0.101321	1.05649
0.1	0.103276	1.05649
0.1	0.106164	1.05649
0.1	0.110059	1.05649
0.1	0.11506	1.05649
0.1	0.121298	1.05649
0.1	0.128942	1.05649
0.1	0.138203	1.05649
0.1	0.149347	1.05649
0.1	0.162704	1.05649
0.1	0.178684	1.05649
0.1	0.197797	1.05649
0.1	0.220676	1.05649
0.1	0.248111	1.05649
0.1	0.28109	1.05649
0.1	0.320847	1.05649
0.1	0.368933	1.05649
0.1	0.427302	1.05649
0.1	0.498424	1.05649
0.1	0.585427	1.05649
0.1	0.692292	1.05649
0.1	0.824094	1.05649
0.1	0.987329	1.05649
0.1	1.19033	1.05649
0.1	1.44382	1.05649
0.1	1.76165	1.05649
0.1	2.16172	1.05649
0.1	2.66728	1.05649
0.1	3.30853	1.05649
0.1	4.12487	1.05649
0.1	5.16771	1.05649
0.1	6.50436	1.05649
0.1	8.22302	1.05649
0.1	10.4395	1.05649
0.1	13.306	1.05649
0.1	17.0228	1.05649
0.1	21.8539	1.05649
0.1	28.147	1.05649
0.1	36.3608	1.05649
0.1	47.1005	1.05648
0.1	61.1643	1.05648
0.1	79.6049	1.05648
0.1	103.81	1.05648
0.1	135.608	1.05648
0.1	177.403	1.05648
0.1	232.356	1.05647
0.1	304.615	1.05647
0.1	399.611	1.05646
0.1	524.44	1.05646
0.1	688.354	1.05645
0.1	903.379	1.05643
0.1	1185.1	1.05642
0.1	1553.65	1.05639
0.1	2034.92	1.05636
0.1	2662.09	1.05632
0.1	3477.51	1.05627
0.1	4534.9	1.0562
0.1	5902.14	1.05611
0.1	7664.47	1.05599
0.1	9928.28	1.05584
0.1	12825.5	1.05563
0.1	16518.8	1.05537
0.1	21206.8	1.05503
0.1	27130.6	1.05458
0.1	34580.2	1.05402
0.1	43901.1	1.05331
0.1	55501.2	1.05243
0.1	69856.9	1.05137
0.1	87518	1.0501
0.1	109112	1.04863
0.1	135344	1.04696
0.1	166997	1.0451
0.1	204922	1.04309
0.1	250031	1.04095
0.1	303277	1.03872
0.1	365633	1.03644
0.1	438057	1.03415
0.1	521456	1.03188
0.1	616644	1.02966
0.1	724284	1.02752
0.1	844836	1.02547
0.1	978498	1.02354
0.1	1.12515e+06	1.02173
0.1	1.28429e+06	1.02006
0.1	1.45499e+06	1.01852
0.1	1.63588e+06	1.01711
0.1	1.82511e+06	1.01584
0.1	2.02032e+06	1.01471
0.1	2.21875e+06	1.01369
0.1	2.41718e+06	1.0128
0.1	2.6121e+06	1.01201
0.1	2.79972e+06	1.01133
0.1	2.97615e+06	1.01075
0.1	3.1375e+06	1.01026
0.1	3.28006e+06	1.00986
0.1	3.40038e+06	1.00953
0.1	3.49548e+06	1.00929
0.1	3.56294e+06	1.00912
0.1	3.60102e+06	1.00903
0.1	0.100249	1.05649
0.1	0.101321	1.05649
0.1	0.103276	1.05649
0.1	0.106164	1.05649
0.1	0.110059	1.05649
0.1	0.11506	1.05649
0.1	0.121298	1.05649
0.1	0.128942	1.05649
0.1	0.138203	1.05649
0.1	0.149347	1.05649
0.1	0.162704	1.05649
0.1	0.178684	1.05649
0.1	0.197797	1.05649
0.1	0.220676	1.05649
0.1	0.248111	1.05649
0.1	0.28109	1.05649
0.1	0.320847	1.05649
0.1	0.368933	1.05649
0.1	0.427302	1.05649
0.1	0.498424	1.05649
0.1	0.585427	1.05649
0.1	0.692292	1.05649
0.1	0.824094	1.05649
0.1	0.987329	1.05649
0.1	1.19033	1.05649
0.1	1.44382	1.05649
0.1	1.76165	1.05649
0.1	2.16172	1.05649
0.1	2.66728	1.05649
0.1	3.30853	1.05649
0.1	4.12487	1.05649
0.1	5.16771	1.05649
0.1	6.50436	1.05649
0.1	8.22302	1.05649
0.1	10.4395	1.05649
0.1	13.306	1.05649
0.1	17.0228	1.05649
0.1	21.8539	1.05649
0.1	28.147	1.05649
0.1	36.3608	1.05649
0.1	47.1005	1.05648
0.1	61.1643	1.05648
0.1	79.6049	1.05648
0.1	103.81	1.05648
0.1	135.608	1.05648
0.1	177.403	1.05648
0.1	232.356	1.05647
0.1	304.615	1.05647
0.1	399.611	1.05646
0.1	524.44	1.05646
0.1	688.354	1.05645
0.1	903.379	1.05643
0.1	1185.1	1.05642
0.1	1553.65	1.05639
0.1	2034.92	1.05636
0.1	2662.09	1.05632
0.1	3477.51	1.05627
0.1	4534.9	1.0562
0.1	5902.14	1.05611
0.1	7664.47	1.05599
0.1	9928.28	1.05584
0.1	12825.5	1.05563
0.1	16518.8	1.05537
0.1	21206.8	1.05503
0.1	27130.6	1.05458
0.1	34580.2	1.05402
0.1	43901.1	1.05331
0.1	55501.2	1.05243
0.1	69856.9	1.05137
0.1	87518	1.0501
0.1	109112	1.04863
0.1	135344	1.04696
0.1	166997	1.0451
0.1	204922	1.04309
0.1	250031	1.04095
0.1	303277	1.03872
0.1	365633	1.03644
0.1	438057	1.03415
0.1	521456	1.03188
0.1	616644	1.02966
0.1	724284	1.02752
0.1	844836	1.02547
0.1	978498	1.02354
0.1	1.12515e+06	1.02173
0.1	1.28429e+06	1.02006
0.1	1.45499e+06	1.01852
0.1	1.63588e+06	1.01711
0.1	1.82511e+06	1.01584
0.1	2.02032e+06	1.01471
0.1	2.21875e+06	1.01369
0.1	2.41718e+06	1.0128
0.1	2.6121e+06	1.01201
0.1	2.79972e+06	1.01133
0.1	2.97615e+06	1.01075
0.1	3.1375e+06	1.01026
0.1	3.28006e+06	1.00986
0.1	3.40038e+06	1.00953
0.1	3.49548e+06	1.00929
0.1	3.56294e+06	1.00912
0.1	3.60102e+06	1.00903
