949	0.100249	1.01189
949	0.101321	1.01189
949	0.103276	1.01189
949	0.106164	1.01189
949	0.110059	1.01189
949	0.11506	1.01189
949	0.121298	1.01189
949	0.128942	1.01189
949	0.138203	1.01189
949	0.149347	1.01189
949	0.162704	1.01189
949	0.178684	1.01189
949	0.197797	1.01189
949	0.220676	1.01189
949	0.248111	1.01189
949	0.28109	1.01189
949	0.320847	1.01189
949	0.368933	1.01189
949	0.427302	1.01189
949	0.498424	1.01189
949	0.585427	1.01189
949	0.692292	1.01189
949	0.824094	1.01189
949	0.987329	1.01189
949	1.19033	1.01189
949	1.44382	1.01189
949	1.76165	1.01189
949	2.16172	1.01189
949	2.66728	1.01189
949	3.30853	1.01189
949	4.12487	1.01189
949	5.16771	1.01189
949	6.50436	1.01189
949	8.22302	1.01189
949	10.4395	1.01189
949	13.306	1.01189
949	17.0228	1.01189
949	21.8539	1.01189
949	28.147	1.01189
949	36.3608	1.01189
949	47.1005	1.01189
949	61.1643	1.01189
949	79.6049	1.01189
949	103.81	1.01189
949	135.608	1.01188
949	177.403	1.01188
949	232.356	1.01188
949	304.615	1.01188
949	399.611	1.01188
949	524.44	1.01188
949	688.354	1.01188
949	903.379	1.01188
949	1185.1	1.01187
949	1553.65	1.01187
949	2034.92	1.01186
949	2662.09	1.01186
949	3477.51	1.01185
949	4534.9	1.01184
949	5902.14	1.01183
949	7664.47	1.01181
949	9928.28	1.0118
949	12825.5	1.01177
949	16518.8	1.01175
949	21206.8	1.01171
949	27130.6	1.01167
949	34580.2	1.01162
949	43901.1	1.01156
949	55501.2	1.01149
949	69856.9	1.01141
949	87518	1.01131
949	109112	1.0112
949	135344	1.01106
949	166997	1.01091
949	204922	1.01074
949	250031	1.01055
949	303277	1.01033
949	365633	1.01009
949	438057	1.00983
949	521456	1.00955
949	616644	1.00925
949	724284	1.00893
949	844836	1.00859
949	978498	1.00824
949	1.12515e+06	1.00788
949	1.28429e+06	1.00752
949	1.45499e+06	1.00716
949	1.63588e+06	1.0068
949	1.82511e+06	1.00645
949	2.02032e+06	1.00612
949	2.21875e+06	1.00581
949	2.41718e+06	1.00553
949	2.6121e+06	1.00527
949	2.79972e+06	1.00504
949	2.97615e+06	1.00484
949	3.1375e+06	1.00467
949	3.28006e+06	1.00453
949	3.40038e+06	1.00442
949	3.49548e+06	1.00433
949	3.56294e+06	1.00427
949	3.60102e+06	1.00424
946.847	0.100249	1.03752
946.847	0.101321	1.03752
946.847	0.103276	1.03752
946.847	0.106164	1.03752
946.847	0.110059	1.03752
946.847	0.11506	1.03752
946.847	0.121298	1.03752
946.847	0.128942	1.03752
946.847	0.138203	1.03752
946.847	0.149347	1.03752
946.847	0.162704	1.03752
946.847	0.178684	1.03752
946.847	0.197797	1.03752
946.847	0.220676	1.03752
946.847	0.248111	1.03752
946.847	0.28109	1.03752
946.847	0.320847	1.03752
946.847	0.368933	1.03752
946.847	0.427302	1.03752
946.847	0.498424	1.03752
946.847	0.585427	1.03752
946.847	0.692292	1.03752
946.847	0.824094	1.03752
946.847	0.987329	1.03752
946.847	1.19033	1.03752
946.847	1.44382	1.03752
946.847	1.76165	1.03752
946.847	2.16172	1.03752
946.847	2.66728	1.03752
946.847	3.30853	1.03752
946.847	4.12487	1.03752
946.847	5.16771	1.03752
946.847	6.50436	1.03752
946.847	8.22302	1.03752
946.847	10.4395	1.03752
946.847	13.306	1.03752
946.847	17.0228	1.03752
946.847	21.8539	1.03752
946.847	28.147	1.03752
946.847	36.3608	1.03752
946.847	47.1005	1.03752
946.847	61.1643	1.03752
946.847	79.6049	1.03752
946.847	103.81	1.03752
946.847	135.608	1.03751
946.847	177.403	1.03751
946.847	232.356	1.03751
946.847	304.615	1.03751
946.847	399.611	1.03751
946.847	524.44	1.0375
946.847	688.354	1.0375
946.847	903.379	1.03749
946.847	1185.1	1.03748
946.847	1553.65	1.03747
946.847	2034.92	1.03745
946.847	2662.09	1.03743
946.847	3477.51	1.03741
946.847	4534.9	1.03738
946.847	5902.14	1.03734
946.847	7664.47	1.03729
946.847	9928.28	1.03723
946.847	12825.5	1.03716
946.847	16518.8	1.03707
946.847	21206.8	1.03697
946.847	27130.6	1.03684
946.847	34580.2	1.03668
946.847	43901.1	1.0365
946.847	55501.2	1.03627
946.847	69856.9	1.03601
946.847	87518	1.0357
946.847	109112	1.03533
946.847	135344	1.03492
946.847	166997	1.03444
946.847	204922	1.03389
946.847	250031	1.03328
946.847	303277	1.0326
946.847	365633	1.03185
946.847	438057	1.03103
946.847	521456	1.03014
946.847	616644	1.02919
946.847	724284	1.02818
946.847	844836	1.02711
946.847	978498	1.026
946.847	1.12515e+06	1.02487
946.847	1.28429e+06	1.02372
946.847	1.45499e+06	1.02257
946.847	1.63588e+06	1.02143
946.847	1.82511e+06	1.02034
946.847	2.02032e+06	1.0193
946.847	2.21875e+06	1.01832
946.847	2.41718e+06	1.01743
946.847	2.6121e+06	1.01662
946.847	2.79972e+06	1.0159
946.847	2.97615e+06	1.01527
946.847	3.1375e+06	1.01473
946.847	3.28006e+06	1.01429
946.847	3.40038e+06	1.01393
946.847	3.49548e+06	1.01365
946.847	3.56294e+06	1.01347
946.847	3.60102e+06	1.01336
937.156	0.100249	1.15348
937.156	0.101321	1.15348
937.156	0.103276	1.15348
937.156	0.106164	1.15348
937.156	0.110059	1.15348
937.156	0.11506	1.15348
937.156	0.121298	1.15348
937.156	0.128942	1.15348
937.156	0.138203	1.15348
937.156	0.149347	1.15348
937.156	0.162704	1.15348
937.156	0.178684	1.15348
937.156	0.197797	1.15348
937.156	0.220676	1.15348
937.156	0.248111	1.15348
937.156	0.28109	1.15348
937.156	0.320847	1.15348
937.156	0.368933	1.15348
937.156	0.427302	1.15348
937.156	0.498424	1.15348
937.156	0.585427	1.15348
937.156	0.692292	1.15348
937.156	0.824094	1.15348
937.156	0.987329	1.15348
937.156	1.19033	1.15348
937.156	1.44382	1.15348
937.156	1.76165	1.15348
937.156	2.16172	1.15348
937.156	2.66728	1.15348
937.156	3.30853	1.15348
937.156	4.12487	1.15348
937.156	5.16771	1.15348
937.156	6.50436	1.15348
937.156	8.22302	1.15348
937.156	10.4395	1.15347
937.156	13.306	1.15347
937.156	17.0228	1.15347
937.156	21.8539	1.15347
937.156	28.147	1.15347
937.156	36.3608	1.15347
937.156	47.1005	1.15347
937.156	61.1643	1.15347
937.156	79.6049	1.15347
937.156	103.81	1.15346
937.156	135.608	1.15346
937.156	177.403	1.15345
937.156	232.356	1.15345
937.156	304.615	1.15344
937.156	399.611	1.15342
937.156	524.44	1.15341
937.156	688.354	1.15338
937.156	903.379	1.15335
937.156	1185.1	1.15331
937.156	1553.65	1.15326
937.156	2034.92	1.1532
937.156	2662.09	1.15312
937.156	3477.51	1.15302
937.156	4534.9	1.1529
937.156	5902.14	1.15275
937.156	7664.47	1.15255
937.156	9928.28	1.15231
937.156	12825.5	1.15201
937.156	16518.8	1.15164
937.156	21206.8	1.15121
937.156	27130.6	1.15068
937.156	34580.2	1.15004
937.156	43901.1	1.14926
937.156	55501.2	1.14833
937.156	69856.9	1.14724
937.156	87518	1.14596
937.156	109112	1.14447
937.156	135344	1.14275
937.156	166997	1.14078
937.156	204922	1.13854
937.156	250031	1.13603
937.156	303277	1.13322
937.156	365633	1.13013
937.156	438057	1.12675
937.156	521456	1.12309
937.156	616644	1.11916
937.156	724284	1.115
937.156	844836	1.11062
937.156	978498	1.10607
937.156	1.12515e+06	1.10139
937.156	1.28429e+06	1.09666
937.156	1.45499e+06	1.09193
937.156	1.63588e+06	1.08729
937.156	1.82511e+06	1.0828
937.156	2.02032e+06	1.07853
937.156	2.21875e+06	1.07455
937.156	2.41718e+06	1.07088
937.156	2.6121e+06	1.06758
937.156	2.79972e+06	1.06463
937.156	2.97615e+06	1.06207
937.156	3.1375e+06	1.05987
937.156	3.28006e+06	1.05804
937.156	3.40038e+06	1.05658
937.156	3.49548e+06	1.05547
937.156	3.56294e+06	1.0547
937.156	3.60102e+06	1.05428
897.531	0.100249	1.63811
897.531	0.101321	1.63811
897.531	0.103276	1.63811
897.531	0.106164	1.63811
897.531	0.110059	1.63811
897.531	0.11506	1.63811
897.531	0.121298	1.63811
897.531	0.128942	1.63811
897.531	0.138203	1.63811
897.531	0.149347	1.63811
897.531	0.162704	1.63811
897.531	0.178684	1.63811
897.531	0.197797	1.63811
897.531	0.220676	1.63811
897.531	0.248111	1.63811
897.531	0.28109	1.63811
897.531	0.320847	1.63811
897.531	0.368933	1.63811
897.531	0.427302	1.63811
897.531	0.498424	1.63811
897.531	0.585427	1.63811
897.531	0.692292	1.63811
897.531	0.824094	1.63811
897.531	0.987329	1.63811
897.531	1.19033	1.63811
897.531	1.44382	1.63811
897.531	1.76165	1.63811
897.531	2.16172	1.63811
897.531	2.66728	1.63811
897.531	3.30853	1.63811
897.531	4.12487	1.63811
897.531	5.16771	1.63811
897.531	6.50436	1.63811
897.531	8.22302	1.63811
897.531	10.4395	1.63811
897.531	13.306	1.6381
897.531	17.0228	1.6381
897.531	21.8539	1.6381
897.531	28.147	1.6381
897.531	36.3608	1.63809
897.531	47.1005	1.63809
897.531	61.1643	1.63808
897.531	79.6049	1.63807
897.531	103.81	1.63805
897.531	135.608	1.63804
897.531	177.403	1.63801
897.531	232.356	1.63798
897.531	304.615	1.63794
897.531	399.611	1.63788
897.531	524.44	1.63781
897.531	688.354	1.63771
897.531	903.379	1.63758
897.531	1185.1	1.63741
897.531	1553.65	1.63719
897.531	2034.92	1.63691
897.531	2662.09	1.63656
897.531	3477.51	1.63613
897.531	4534.9	1.63561
897.531	5902.14	1.63494
897.531	7664.47	1.6341
897.531	9928.28	1.63307
897.531	12825.5	1.63181
897.531	16518.8	1.63025
897.531	21206.8	1.62836
897.531	27130.6	1.62609
897.531	34580.2	1.62332
897.531	43901.1	1.61998
897.531	55501.2	1.61602
897.531	69856.9	1.61133
897.531	87518	1.60584
897.531	109112	1.59945
897.531	135344	1.59206
897.531	166997	1.58362
897.531	204922	1.57404
897.531	250031	1.56328
897.531	303277	1.5513
897.531	365633	1.53809
897.531	438057	1.52365
897.531	521456	1.50802
897.531	616644	1.49128
897.531	724284	1.47351
897.531	844836	1.45486
897.531	978498	1.4355
897.531	1.12515e+06	1.41566
897.531	1.28429e+06	1.3956
897.531	1.45499e+06	1.37562
897.531	1.63588e+06	1.35605
897.531	1.82511e+06	1.3372
897.531	2.02032e+06	1.31936
897.531	2.21875e+06	1.30275
897.531	2.41718e+06	1.28754
897.531	2.6121e+06	1.27383
897.531	2.79972e+06	1.26168
897.531	2.97615e+06	1.25109
897.531	3.1375e+06	1.24205
897.531	3.28006e+06	1.23454
897.531	3.40038e+06	1.22852
897.531	3.49548e+06	1.22396
897.531	3.56294e+06	1.22083
897.531	3.60102e+06	1.21909
841.048	0.100249	2.35855
841.048	0.101321	2.35855
841.048	0.103276	2.35855
841.048	0.106164	2.35855
841.048	0.110059	2.35855
841.048	0.11506	2.35855
841.048	0.121298	2.35855
841.048	0.128942	2.35855
841.048	0.138203	2.35855
841.048	0.149347	2.35855
841.048	0.162704	2.35855
841.048	0.178684	2.35855
841.048	0.197797	2.35855
841.048	0.220676	2.35855
841.048	0.248111	2.35854
841.048	0.28109	2.35854
841.048	0.320847	2.35854
841.048	0.368933	2.35854
841.048	0.427302	2.35854
841.048	0.498424	2.35854
841.048	0.585427	2.35854
841.048	0.692292	2.35854
841.048	0.824094	2.35854
841.048	0.987329	2.35854
841.048	1.19033	2.35854
841.048	1.44382	2.35854
841.048	1.76165	2.35854
841.048	2.16172	2.35854
841.048	2.66728	2.35854
841.048	3.30853	2.35854
841.048	4.12487	2.35854
841.048	5.16771	2.35854
841.048	6.50436	2.35853
841.048	8.22302	2.35853
841.048	10.4395	2.35853
841.048	13.306	2.35853
841.048	17.0228	2.35852
841.048	21.8539	2.35851
841.048	28.147	2.35851
841.048	36.3608	2.3585
841.048	47.1005	2.35848
841.048	61.1643	2.35846
841.048	79.6049	2.35844
841.048	103.81	2.35841
841.048	135.608	2.35836
841.048	177.403	2.35831
841.048	232.356	2.35823
841.048	304.615	2.35813
841.048	399.611	2.358
841.048	524.44	2.35783
841.048	688.354	2.3576
841.048	903.379	2.35731
841.048	1185.1	2.35693
841.048	1553.65	2.35645
841.048	2034.92	2.35584
841.048	2662.09	2.35507
841.048	3477.51	2.35412
841.048	4534.9	2.35295
841.048	5902.14	2.35144
841.048	7664.47	2.34955
841.048	9928.28	2.34724
841.048	12825.5	2.34441
841.048	16518.8	2.34093
841.048	21206.8	2.33673
841.048	27130.6	2.33164
841.048	34580.2	2.32543
841.048	43901.1	2.31796
841.048	55501.2	2.30912
841.048	69856.9	2.29866
841.048	87518	2.28641
841.048	109112	2.27216
841.048	135344	2.25571
841.048	166997	2.23692
841.048	204922	2.21562
841.048	250031	2.19171
841.048	303277	2.16511
841.048	365633	2.1358
841.048	438057	2.1038
841.048	521456	2.0692
841.048	616644	2.03217
841.048	724284	1.99292
841.048	844836	1.95179
841.048	978498	1.90919
841.048	1.12515e+06	1.86565
841.048	1.28429e+06	1.82179
841.048	1.45499e+06	1.77833
841.048	1.63588e+06	1.73597
841.048	1.82511e+06	1.6954
841.048	2.02032e+06	1.65722
841.048	2.21875e+06	1.62186
841.048	2.41718e+06	1.58963
841.048	2.6121e+06	1.5607
841.048	2.79972e+06	1.53513
841.048	2.97615e+06	1.51292
841.048	3.1375e+06	1.49402
841.048	3.28006e+06	1.47835
841.048	3.40038e+06	1.46581
841.048	3.49548e+06	1.45631
841.048	3.56294e+06	1.44979
841.048	3.60102e+06	1.44619
784.565	0.100249	3.1141
784.565	0.101321	3.1141
784.565	0.103276	3.1141
784.565	0.106164	3.1141
784.565	0.110059	3.1141
784.565	0.11506	3.1141
784.565	0.121298	3.1141
784.565	0.128942	3.1141
784.565	0.138203	3.1141
784.565	0.149347	3.1141
784.565	0.162704	3.1141
784.565	0.178684	3.1141
784.565	0.197797	3.1141
784.565	0.220676	3.1141
784.565	0.248111	3.1141
784.565	0.28109	3.1141
784.565	0.320847	3.1141
784.565	0.368933	3.1141
784.565	0.427302	3.1141
784.565	0.498424	3.1141
784.565	0.585427	3.1141
784.565	0.692292	3.1141
784.565	0.824094	3.1141
784.565	0.987329	3.1141
784.565	1.19033	3.1141
784.565	1.44382	3.11409
784.565	1.76165	3.11409
784.565	2.16172	3.11409
784.565	2.66728	3.11409
784.565	3.30853	3.11409
784.565	4.12487	3.11409
784.565	5.16771	3.11409
784.565	6.50436	3.11408
784.565	8.22302	3.11408
784.565	10.4395	3.11407
784.565	13.306	3.11407
784.565	17.0228	3.11406
784.565	21.8539	3.11405
784.565	28.147	3.11403
784.565	36.3608	3.11402
784.565	47.1005	3.11399
784.565	61.1643	3.11396
784.565	79.6049	3.11392
784.565	103.81	3.11386
784.565	135.608	3.11379
784.565	177.403	3.11369
784.565	232.356	3.11357
784.565	304.615	3.1134
784.565	399.611	3.11319
784.565	524.44	3.11291
784.565	688.354	3.11254
784.565	903.379	3.11205
784.565	1185.1	3.11143
784.565	1553.65	3.11064
784.565	2034.92	3.10964
784.565	2662.09	3.10838
784.565	3477.51	3.10682
784.565	4534.9	3.10487
784.565	5902.14	3.10239
784.565	7664.47	3.09932
784.565	9928.28	3.09555
784.565	12825.5	3.0909
784.565	16518.8	3.0852
784.565	21206.8	3.07831
784.565	27130.6	3.06994
784.565	34580.2	3.05975
784.565	43901.1	3.04755
784.565	55501.2	3.03307
784.565	69856.9	3.01596
784.565	87518	2.99594
784.565	109112	2.97265
784.565	135344	2.94581
784.565	166997	2.91516
784.565	204922	2.88046
784.565	250031	2.84153
784.565	303277	2.79826
784.565	365633	2.75062
784.565	438057	2.69867
784.565	521456	2.64257
784.565	616644	2.58258
784.565	724284	2.51912
784.565	844836	2.45274
784.565	978498	2.3842
784.565	1.12515e+06	2.3144
784.565	1.28429e+06	2.24445
784.565	1.45499e+06	2.1755
784.565	1.63588e+06	2.10873
784.565	1.82511e+06	2.04518
784.565	2.02032e+06	1.98572
784.565	2.21875e+06	1.93095
784.565	2.41718e+06	1.88125
784.565	2.6121e+06	1.83682
784.565	2.79972e+06	1.79769
784.565	2.97615e+06	1.7638
784.565	3.1375e+06	1.73503
784.565	3.28006e+06	1.71121
784.565	3.40038e+06	1.69219
784.565	3.49548e+06	1.67781
784.565	3.56294e+06	1.66794
784.565	3.60102e+06	1.66248
703.122	0.100249	4.26383
703.122	0.101321	4.26383
703.122	0.103276	4.26383
703.122	0.106164	4.26383
703.122	0.110059	4.26383
703.122	0.11506	4.26383
703.122	0.121298	4.26383
703.122	0.128942	4.26383
703.122	0.138203	4.26383
703.122	0.149347	4.26383
703.122	0.162704	4.26383
703.122	0.178684	4.26383
703.122	0.197797	4.26383
703.122	0.220676	4.26383
703.122	0.248111	4.26383
703.122	0.28109	4.26383
703.122	0.320847	4.26382
703.122	0.368933	4.26382
703.122	0.427302	4.26382
703.122	0.498424	4.26382
703.122	0.585427	4.26382
703.122	0.692292	4.26382
703.122	0.824094	4.26382
703.122	0.987329	4.26382
703.122	1.19033	4.26382
703.122	1.44382	4.26382
703.122	1.76165	4.26382
703.122	2.16172	4.26382
703.122	2.66728	4.26381
703.122	3.30853	4.26381
703.122	4.12487	4.26381
703.122	5.16771	4.2638
703.122	6.50436	4.2638
703.122	8.22302	4.26379
703.122	10.4395	4.26378
703.122	13.306	4.26377
703.122	17.0228	4.26376
703.122	21.8539	4.26374
703.122	28.147	4.26371
703.122	36.3608	4.26368
703.122	47.1005	4.26364
703.122	61.1643	4.26358
703.122	79.6049	4.26351
703.122	103.81	4.26342
703.122	135.608	4.26329
703.122	177.403	4.26313
703.122	232.356	4.26291
703.122	304.615	4.26263
703.122	399.611	4.26226
703.122	524.44	4.26179
703.122	688.354	4.26116
703.122	903.379	4.26035
703.122	1185.1	4.25931
703.122	1553.65	4.25798
703.122	2034.92	4.2563
703.122	2662.09	4.2542
703.122	3477.51	4.25159
703.122	4534.9	4.2483
703.122	5902.14	4.24416
703.122	7664.47	4.23904
703.122	9928.28	4.23273
703.122	12825.5	4.22494
703.122	16518.8	4.21544
703.122	21206.8	4.20389
703.122	27130.6	4.18982
703.122	34580.2	4.17281
703.122	43901.1	4.15246
703.122	55501.2	4.12829
703.122	69856.9	4.09977
703.122	87518	4.06641
703.122	109112	4.02768
703.122	135344	3.98309
703.122	166997	3.93222
703.122	204922	3.87471
703.122	250031	3.81028
703.122	303277	3.73877
703.122	365633	3.66016
703.122	438057	3.57456
703.122	521456	3.48229
703.122	616644	3.38387
703.122	724284	3.28009
703.122	844836	3.17203
703.122	978498	3.06111
703.122	1.12515e+06	2.94903
703.122	1.28429e+06	2.83771
703.122	1.45499e+06	2.72909
703.122	1.63588e+06	2.62495
703.122	1.82511e+06	2.52677
703.122	2.02032e+06	2.43569
703.122	2.21875e+06	2.35241
703.122	2.41718e+06	2.27734
703.122	2.6121e+06	2.21059
703.122	2.79972e+06	2.15208
703.122	2.97615e+06	2.10162
703.122	3.1375e+06	2.05892
703.122	3.28006e+06	2.02367
703.122	3.40038e+06	1.99558
703.122	3.49548e+06	1.97438
703.122	3.56294e+06	1.95985
703.122	3.60102e+06	1.95183
618.283	0.100249	5.52825
618.283	0.101321	5.52825
618.283	0.103276	5.52825
618.283	0.106164	5.52825
618.283	0.110059	5.52825
618.283	0.11506	5.52825
618.283	0.121298	5.52825
618.283	0.128942	5.52825
618.283	0.138203	5.52825
618.283	0.149347	5.52825
618.283	0.162704	5.52825
618.283	0.178684	5.52824
618.283	0.197797	5.52824
618.283	0.220676	5.52824
618.283	0.248111	5.52824
618.283	0.28109	5.52824
618.283	0.320847	5.52824
618.283	0.368933	5.52824
618.283	0.427302	5.52824
618.283	0.498424	5.52824
618.283	0.585427	5.52824
618.283	0.692292	5.52824
618.283	0.824094	5.52824
618.283	0.987329	5.52824
618.283	1.19033	5.52824
618.283	1.44382	5.52823
618.283	1.76165	5.52823
618.283	2.16172	5.52823
618.283	2.66728	5.52823
618.283	3.30853	5.52822
618.283	4.12487	5.52822
618.283	5.16771	5.52821
618.283	6.50436	5.5282
618.283	8.22302	5.52819
618.283	10.4395	5.52818
618.283	13.306	5.52816
618.283	17.0228	5.52814
618.283	21.8539	5.52811
618.283	28.147	5.52807
618.283	36.3608	5.52802
618.283	47.1005	5.52796
618.283	61.1643	5.52787
618.283	79.6049	5.52776
618.283	103.81	5.52761
618.283	135.608	5.52741
618.283	177.403	5.52716
618.283	232.356	5.52682
618.283	304.615	5.52638
618.283	399.611	5.52582
618.283	524.44	5.52508
618.283	688.354	5.52412
618.283	903.379	5.52287
618.283	1185.1	5.52129
618.283	1553.65	5.51927
618.283	2034.92	5.51673
618.283	2662.09	5.51356
618.283	3477.51	5.50958
618.283	4534.9	5.50458
618.283	5902.14	5.49832
618.283	7664.47	5.49056
618.283	9928.28	5.48096
618.283	12825.5	5.46915
618.283	16518.8	5.45472
618.283	21206.8	5.43713
618.283	27130.6	5.41579
618.283	34580.2	5.39001
618.283	43901.1	5.35919
618.283	55501.2	5.32262
618.283	69856.9	5.27951
618.283	87518	5.22913
618.283	109112	5.1707
618.283	135344	5.10353
618.283	166997	5.027
618.283	204922	4.9406
618.283	250031	4.84394
618.283	303277	4.73683
618.283	365633	4.61928
618.283	438057	4.49156
618.283	521456	4.35428
618.283	616644	4.20842
618.283	724284	4.05546
618.283	844836	3.89739
618.283	978498	3.73666
618.283	1.12515e+06	3.57605
618.283	1.28429e+06	3.4184
618.283	1.45499e+06	3.26634
618.283	1.63588e+06	3.12212
618.283	1.82511e+06	2.98748
618.283	2.02032e+06	2.8636
618.283	2.21875e+06	2.75116
618.283	2.41718e+06	2.65044
618.283	2.6121e+06	2.56136
618.283	2.79972e+06	2.48364
618.283	2.97615e+06	2.41687
618.283	3.1375e+06	2.36055
618.283	3.28006e+06	2.31418
618.283	3.40038e+06	2.27731
618.283	3.49548e+06	2.24953
618.283	3.56294e+06	2.23051
618.283	3.60102e+06	2.22001
533.443	0.100249	6.83521
533.443	0.101321	6.83521
533.443	0.103276	6.83521
533.443	0.106164	6.83521
533.443	0.110059	6.83521
533.443	0.11506	6.83521
533.443	0.121298	6.83521
533.443	0.128942	6.83521
533.443	0.138203	6.8352
533.443	0.149347	6.8352
533.443	0.162704	6.8352
533.443	0.178684	6.8352
533.443	0.197797	6.8352
533.443	0.220676	6.8352
533.443	0.248111	6.8352
533.443	0.28109	6.8352
533.443	0.320847	6.8352
533.443	0.368933	6.8352
533.443	0.427302	6.8352
533.443	0.498424	6.8352
533.443	0.585427	6.8352
533.443	0.692292	6.8352
533.443	0.824094	6.8352
533.443	0.987329	6.83519
533.443	1.19033	6.83519
533.443	1.44382	6.83519
533.443	1.76165	6.83519
533.443	2.16172	6.83518
533.443	2.66728	6.83518
533.443	3.30853	6.83517
533.443	4.12487	6.83517
533.443	5.16771	6.83516
533.443	6.50436	6.83515
533.443	8.22302	6.83513
533.443	10.4395	6.83511
533.443	13.306	6.83509
533.443	17.0228	6.83505
533.443	21.8539	6.83501
533.443	28.147	6.83496
533.443	36.3608	6.83488
533.443	47.1005	6.83479
533.443	61.1643	6.83466
533.443	79.6049	6.8345
533.443	103.81	6.83428
533.443	135.608	6.834
533.443	177.403	6.83362
533.443	232.356	6.83314
533.443	304.615	6.83251
533.443	399.611	6.8317
533.443	524.44	6.83065
533.443	688.354	6.82928
533.443	903.379	6.82752
533.443	1185.1	6.82527
533.443	1553.65	6.82242
533.443	2034.92	6.81884
533.443	2662.09	6.81434
533.443	3477.51	6.8087
533.443	4534.9	6.80163
533.443	5902.14	6.79276
533.443	7664.47	6.78177
533.443	9928.28	6.76819
533.443	12825.5	6.75148
533.443	16518.8	6.731
533.443	21206.8	6.70608
533.443	27130.6	6.67585
533.443	34580.2	6.6394
533.443	43901.1	6.59584
533.443	55501.2	6.54418
533.443	69856.9	6.48335
533.443	87518	6.4123
533.443	109112	6.33
533.443	135344	6.23551
533.443	166997	6.12797
533.443	204922	6.00672
533.443	250031	5.87128
533.443	303277	5.72146
533.443	365633	5.55743
533.443	438057	5.37979
533.443	521456	5.18976
533.443	616644	4.98924
533.443	724284	4.78089
533.443	844836	4.56798
533.443	978498	4.35422
533.443	1.12515e+06	4.14337
533.443	1.28429e+06	3.93894
533.443	1.45499e+06	3.74398
533.443	1.63588e+06	3.56094
533.443	1.82511e+06	3.39154
533.443	2.02032e+06	3.23686
533.443	2.21875e+06	3.09738
533.443	2.41718e+06	2.97313
533.443	2.6121e+06	2.86377
533.443	2.79972e+06	2.76874
533.443	2.97615e+06	2.68737
533.443	3.1375e+06	2.61892
533.443	3.28006e+06	2.5627
533.443	3.40038e+06	2.51807
533.443	3.49548e+06	2.48448
533.443	3.56294e+06	2.46151
533.443	3.60102e+06	2.44884
483.787	0.100249	7.59942
483.787	0.101321	7.59942
483.787	0.103276	7.59942
483.787	0.106164	7.59942
483.787	0.110059	7.59942
483.787	0.11506	7.59942
483.787	0.121298	7.59942
483.787	0.128942	7.59942
483.787	0.138203	7.59942
483.787	0.149347	7.59942
483.787	0.162704	7.59942
483.787	0.178684	7.59942
483.787	0.197797	7.59942
483.787	0.220676	7.59942
483.787	0.248111	7.59942
483.787	0.28109	7.59942
483.787	0.320847	7.59942
483.787	0.368933	7.59942
483.787	0.427302	7.59941
483.787	0.498424	7.59941
483.787	0.585427	7.59941
483.787	0.692292	7.59941
483.787	0.824094	7.59941
483.787	0.987329	7.59941
483.787	1.19033	7.59941
483.787	1.44382	7.5994
483.787	1.76165	7.5994
483.787	2.16172	7.5994
483.787	2.66728	7.59939
483.787	3.30853	7.59938
483.787	4.12487	7.59937
483.787	5.16771	7.59936
483.787	6.50436	7.59935
483.787	8.22302	7.59933
483.787	10.4395	7.59931
483.787	13.306	7.59928
483.787	17.0228	7.59924
483.787	21.8539	7.59919
483.787	28.147	7.59912
483.787	36.3608	7.59903
483.787	47.1005	7.59892
483.787	61.1643	7.59876
483.787	79.6049	7.59856
483.787	103.81	7.5983
483.787	135.608	7.59796
483.787	177.403	7.59751
483.787	232.356	7.59693
483.787	304.615	7.59618
483.787	399.611	7.59521
483.787	524.44	7.59395
483.787	688.354	7.59231
483.787	903.379	7.59021
483.787	1185.1	7.58752
483.787	1553.65	7.58412
483.787	2034.92	7.57984
483.787	2662.09	7.57446
483.787	3477.51	7.56773
483.787	4534.9	7.55928
483.787	5902.14	7.54869
483.787	7664.47	7.53555
483.787	9928.28	7.51932
483.787	12825.5	7.49932
483.787	16518.8	7.47484
483.787	21206.8	7.44503
483.787	27130.6	7.40888
483.787	34580.2	7.36531
483.787	43901.1	7.31325
483.787	55501.2	7.25153
483.787	69856.9	7.17886
483.787	87518	7.09403
483.787	109112	6.99581
483.787	135344	6.88309
483.787	166997	6.7549
483.787	204922	6.61045
483.787	250031	6.44925
483.787	303277	6.27117
483.787	365633	6.07658
483.787	438057	5.86651
483.787	521456	5.64279
483.787	616644	5.40813
483.787	724284	5.16606
483.787	844836	4.92065
483.787	978498	4.67619
483.787	1.12515e+06	4.43685
483.787	1.28429e+06	4.20637
483.787	1.45499e+06	3.9879
483.787	1.63588e+06	3.78385
483.787	1.82511e+06	3.59586
483.787	2.02032e+06	3.42489
483.787	2.21875e+06	3.27124
483.787	2.41718e+06	3.13476
483.787	2.6121e+06	3.01491
483.787	2.79972e+06	2.91099
483.787	2.97615e+06	2.82214
483.787	3.1375e+06	2.7475
483.787	3.28006e+06	2.68627
483.787	3.40038e+06	2.63769
483.787	3.49548e+06	2.60116
483.787	3.56294e+06	2.57618
483.787	3.60102e+06	2.56241
422.569	0.100249	8.50873
422.569	0.101321	8.50873
422.569	0.103276	8.50873
422.569	0.106164	8.50873
422.569	0.110059	8.50873
422.569	0.11506	8.50873
422.569	0.121298	8.50873
422.569	0.128942	8.50873
422.569	0.138203	8.50872
422.569	0.149347	8.50872
422.569	0.162704	8.50872
422.569	0.178684	8.50872
422.569	0.197797	8.50872
422.569	0.220676	8.50872
422.569	0.248111	8.50872
422.569	0.28109	8.50872
422.569	0.320847	8.50872
422.569	0.368933	8.50872
422.569	0.427302	8.50872
422.569	0.498424	8.50872
422.569	0.585427	8.50872
422.569	0.692292	8.50872
422.569	0.824094	8.50871
422.569	0.987329	8.50871
422.569	1.19033	8.50871
422.569	1.44382	8.5087
422.569	1.76165	8.5087
422.569	2.16172	8.5087
422.569	2.66728	8.50869
422.569	3.30853	8.50868
422.569	4.12487	8.50867
422.569	5.16771	8.50866
422.569	6.50436	8.50864
422.569	8.22302	8.50862
422.569	10.4395	8.50859
422.569	13.306	8.50855
422.569	17.0228	8.5085
422.569	21.8539	8.50844
422.569	28.147	8.50835
422.569	36.3608	8.50825
422.569	47.1005	8.5081
422.569	61.1643	8.50792
422.569	79.6049	8.50768
422.569	103.81	8.50736
422.569	135.608	8.50694
422.569	177.403	8.5064
422.569	232.356	8.50569
422.569	304.615	8.50478
422.569	399.611	8.50359
422.569	524.44	8.50206
422.569	688.354	8.50008
422.569	903.379	8.49753
422.569	1185.1	8.49428
422.569	1553.65	8.49016
422.569	2034.92	8.48498
422.569	2662.09	8.47847
422.569	3477.51	8.47032
422.569	4534.9	8.46006
422.569	5902.14	8.44722
422.569	7664.47	8.43128
422.569	9928.28	8.41155
422.569	12825.5	8.38725
422.569	16518.8	8.35749
422.569	21206.8	8.32122
422.569	27130.6	8.27725
422.569	34580.2	8.22425
422.569	43901.1	8.16093
422.569	55501.2	8.08583
422.569	69856.9	7.99743
422.569	87518	7.89425
422.569	109112	7.77481
422.569	135344	7.63778
422.569	166997	7.48202
422.569	204922	7.30665
422.569	250031	7.11122
422.569	303277	6.89584
422.569	365633	6.6614
422.569	438057	6.40974
422.569	521456	6.14377
422.569	616644	5.86733
422.569	724284	5.58494
422.569	844836	5.30143
422.569	978498	5.02158
422.569	1.12515e+06	4.74986
422.569	1.28429e+06	4.49014
422.569	1.45499e+06	4.24556
422.569	1.63588e+06	4.01842
422.569	1.82511e+06	3.8102
422.569	2.02032e+06	3.62161
422.569	2.21875e+06	3.45275
422.569	2.41718e+06	3.30319
422.569	2.6121e+06	3.1722
422.569	2.79972e+06	3.05883
422.569	2.97615e+06	2.96208
422.569	3.1375e+06	2.88092
422.569	3.28006e+06	2.81439
422.569	3.40038e+06	2.76167
422.569	3.49548e+06	2.72205
422.569	3.56294e+06	2.69496
422.569	3.60102e+06	2.68004
361.35	0.100249	9.33421
361.35	0.101321	9.33421
361.35	0.103276	9.33421
361.35	0.106164	9.33421
361.35	0.110059	9.33421
361.35	0.11506	9.3342
361.35	0.121298	9.3342
361.35	0.128942	9.3342
361.35	0.138203	9.3342
361.35	0.149347	9.3342
361.35	0.162704	9.3342
361.35	0.178684	9.3342
361.35	0.197797	9.3342
361.35	0.220676	9.3342
361.35	0.248111	9.3342
361.35	0.28109	9.3342
361.35	0.320847	9.3342
361.35	0.368933	9.3342
361.35	0.427302	9.3342
361.35	0.498424	9.3342
361.35	0.585427	9.33419
361.35	0.692292	9.33419
361.35	0.824094	9.33419
361.35	0.987329	9.33419
361.35	1.19033	9.33419
361.35	1.44382	9.33418
361.35	1.76165	9.33418
361.35	2.16172	9.33417
361.35	2.66728	9.33416
361.35	3.30853	9.33415
361.35	4.12487	9.33414
361.35	5.16771	9.33412
361.35	6.50436	9.3341
361.35	8.22302	9.33408
361.35	10.4395	9.33404
361.35	13.306	9.334
361.35	17.0228	9.33394
361.35	21.8539	9.33387
361.35	28.147	9.33377
361.35	36.3608	9.33364
361.35	47.1005	9.33348
361.35	61.1643	9.33326
361.35	79.6049	9.33298
361.35	103.81	9.3326
361.35	135.608	9.33212
361.35	177.403	9.33149
361.35	232.356	9.33066
361.35	304.615	9.32959
361.35	399.611	9.32821
361.35	524.44	9.32642
361.35	688.354	9.32411
361.35	903.379	9.32114
361.35	1185.1	9.31736
361.35	1553.65	9.31257
361.35	2034.92	9.30653
361.35	2662.09	9.29893
361.35	3477.51	9.28938
361.35	4534.9	9.27737
361.35	5902.14	9.26233
361.35	7664.47	9.24363
361.35	9928.28	9.22048
361.35	12825.5	9.19192
361.35	16518.8	9.15688
361.35	21206.8	9.11417
361.35	27130.6	9.06233
361.35	34580.2	8.99982
361.35	43901.1	8.92506
361.35	55501.2	8.83634
361.35	69856.9	8.73185
361.35	87518	8.60981
361.35	109112	8.46848
361.35	135344	8.30632
361.35	166997	8.12204
361.35	204922	7.91478
361.35	250031	7.68433
361.35	303277	7.43133
361.35	365633	7.15757
361.35	438057	6.86597
361.35	521456	6.56054
361.35	616644	6.24603
361.35	724284	5.92764
361.35	844836	5.61069
361.35	978498	5.30023
361.35	1.12515e+06	5.00088
361.35	1.28429e+06	4.71651
361.35	1.45499e+06	4.45017
361.35	1.63588e+06	4.20401
361.35	1.82511e+06	3.97926
361.35	2.02032e+06	3.77641
361.35	2.21875e+06	3.59528
361.35	2.41718e+06	3.43524
361.35	2.6121e+06	3.29533
361.35	2.79972e+06	3.17445
361.35	2.97615e+06	3.07142
361.35	3.1375e+06	2.98508
361.35	3.28006e+06	2.91437
361.35	3.40038e+06	2.85837
361.35	3.49548e+06	2.81629
361.35	3.56294e+06	2.78755
361.35	3.60102e+06	2.77171
331.485	0.100249	9.68695
331.485	0.101321	9.68695
331.485	0.103276	9.68695
331.485	0.106164	9.68695
331.485	0.110059	9.68695
331.485	0.11506	9.68695
331.485	0.121298	9.68695
331.485	0.128942	9.68695
331.485	0.138203	9.68695
331.485	0.149347	9.68695
331.485	0.162704	9.68695
331.485	0.178684	9.68695
331.485	0.197797	9.68695
331.485	0.220676	9.68695
331.485	0.248111	9.68695
331.485	0.28109	9.68695
331.485	0.320847	9.68695
331.485	0.368933	9.68694
331.485	0.427302	9.68694
331.485	0.498424	9.68694
331.485	0.585427	9.68694
331.485	0.692292	9.68694
331.485	0.824094	9.68694
331.485	0.987329	9.68693
331.485	1.19033	9.68693
331.485	1.44382	9.68693
331.485	1.76165	9.68692
331.485	2.16172	9.68691
331.485	2.66728	9.68691
331.485	3.30853	9.6869
331.485	4.12487	9.68688
331.485	5.16771	9.68686
331.485	6.50436	9.68684
331.485	8.22302	9.68681
331.485	10.4395	9.68678
331.485	13.306	9.68673
331.485	17.0228	9.68667
331.485	21.8539	9.68659
331.485	28.147	9.68649
331.485	36.3608	9.68635
331.485	47.1005	9.68618
331.485	61.1643	9.68595
331.485	79.6049	9.68565
331.485	103.81	9.68526
331.485	135.608	9.68474
331.485	177.403	9.68407
331.485	232.356	9.6832
331.485	304.615	9.68207
331.485	399.611	9.68061
331.485	524.44	9.67872
331.485	688.354	9.67628
331.485	903.379	9.67314
331.485	1185.1	9.66914
331.485	1553.65	9.66407
331.485	2034.92	9.65767
331.485	2662.09	9.64961
331.485	3477.51	9.63948
331.485	4534.9	9.62672
331.485	5902.14	9.61074
331.485	7664.47	9.59084
331.485	9928.28	9.56619
331.485	12825.5	9.53575
331.485	16518.8	9.49838
331.485	21206.8	9.45278
331.485	27130.6	9.3974
331.485	34580.2	9.33057
331.485	43901.1	9.25058
331.485	55501.2	9.15558
331.485	69856.9	9.04361
331.485	87518	8.91276
331.485	109112	8.76116
331.485	135344	8.58717
331.485	166997	8.38946
331.485	204922	8.16726
331.485	250031	7.92056
331.485	303277	7.65043
331.485	365633	7.35912
331.485	438057	7.05005
331.485	521456	6.72764
331.485	616644	6.39696
331.485	724284	6.06345
331.485	844836	5.73258
331.485	978498	5.40951
331.485	1.12515e+06	5.09889
331.485	1.28429e+06	4.80458
331.485	1.45499e+06	4.52954
331.485	1.63588e+06	4.27582
331.485	1.82511e+06	4.04455
331.485	2.02032e+06	3.83609
331.485	2.21875e+06	3.65016
331.485	2.41718e+06	3.48603
331.485	2.6121e+06	3.34266
331.485	2.79972e+06	3.21885
331.485	2.97615e+06	3.11338
331.485	3.1375e+06	3.02503
331.485	3.28006e+06	2.9527
331.485	3.40038e+06	2.89543
331.485	3.49548e+06	2.85242
331.485	3.56294e+06	2.82303
331.485	3.60102e+06	2.80684
299.459	0.100249	10.0159
299.459	0.101321	10.0159
299.459	0.103276	10.0159
299.459	0.106164	10.0159
299.459	0.110059	10.0159
299.459	0.11506	10.0159
299.459	0.121298	10.0159
299.459	0.128942	10.0159
299.459	0.138203	10.0159
299.459	0.149347	10.0159
299.459	0.162704	10.0159
299.459	0.178684	10.0159
299.459	0.197797	10.0159
299.459	0.220676	10.0159
299.459	0.248111	10.0159
299.459	0.28109	10.0159
299.459	0.320847	10.0159
299.459	0.368933	10.0159
299.459	0.427302	10.0159
299.459	0.498424	10.0159
299.459	0.585427	10.0159
299.459	0.692292	10.0159
299.459	0.824094	10.0159
299.459	0.987329	10.0159
299.459	1.19033	10.0159
299.459	1.44382	10.0159
299.459	1.76165	10.0159
299.459	2.16172	10.0159
299.459	2.66728	10.0159
299.459	3.30853	10.0159
299.459	4.12487	10.0159
299.459	5.16771	10.0158
299.459	6.50436	10.0158
299.459	8.22302	10.0158
299.459	10.4395	10.0157
299.459	13.306	10.0157
299.459	17.0228	10.0156
299.459	21.8539	10.0155
299.459	28.147	10.0154
299.459	36.3608	10.0153
299.459	47.1005	10.0151
299.459	61.1643	10.0149
299.459	79.6049	10.0146
299.459	103.81	10.0142
299.459	135.608	10.0136
299.459	177.403	10.0129
299.459	232.356	10.012
299.459	304.615	10.0108
299.459	399.611	10.0093
299.459	524.44	10.0074
299.459	688.354	10.0048
299.459	903.379	10.0015
299.459	1185.1	9.99735
299.459	1553.65	9.99205
299.459	2034.92	9.98535
299.459	2662.09	9.9769
299.459	3477.51	9.96627
299.459	4534.9	9.95287
299.459	5902.14	9.93605
299.459	7664.47	9.9151
299.459	9928.28	9.88911
299.459	12825.5	9.85697
299.459	16518.8	9.81746
299.459	21206.8	9.76918
299.459	27130.6	9.71048
299.459	34580.2	9.63955
299.459	43901.1	9.55455
299.459	55501.2	9.45349
299.459	69856.9	9.33423
299.459	87518	9.19473
299.459	109112	9.03298
299.459	135344	8.84726
299.459	166997	8.63625
299.459	204922	8.39931
299.459	250031	8.13677
299.459	303277	7.85012
299.459	365633	7.54209
299.459	438057	7.21652
299.459	521456	6.87818
299.459	616644	6.5324
299.459	724284	6.18485
299.459	844836	5.84113
299.459	978498	5.50652
299.459	1.12515e+06	5.18567
299.459	1.28429e+06	4.88239
299.459	1.45499e+06	4.59955
299.459	1.63588e+06	4.33908
299.459	1.82511e+06	4.102
299.459	2.02032e+06	3.88856
299.459	2.21875e+06	3.69837
299.459	2.41718e+06	3.53061
299.459	2.6121e+06	3.38418
299.459	2.79972e+06	3.25779
299.459	2.97615e+06	3.15017
299.459	3.1375e+06	3.06005
299.459	3.28006e+06	2.9863
299.459	3.40038e+06	2.92791
299.459	3.49548e+06	2.88406
299.459	3.56294e+06	2.85411
299.459	3.60102e+06	2.83761
269.782	0.100249	10.2669
269.782	0.101321	10.2669
269.782	0.103276	10.2669
269.782	0.106164	10.2669
269.782	0.110059	10.2669
269.782	0.11506	10.2669
269.782	0.121298	10.2669
269.782	0.128942	10.2669
269.782	0.138203	10.2669
269.782	0.149347	10.2669
269.782	0.162704	10.2669
269.782	0.178684	10.2669
269.782	0.197797	10.2669
269.782	0.220676	10.2669
269.782	0.248111	10.2669
269.782	0.28109	10.2669
269.782	0.320847	10.2669
269.782	0.368933	10.2669
269.782	0.427302	10.2669
269.782	0.498424	10.2669
269.782	0.585427	10.2669
269.782	0.692292	10.2669
269.782	0.824094	10.2669
269.782	0.987329	10.2669
269.782	1.19033	10.2669
269.782	1.44382	10.2669
269.782	1.76165	10.2669
269.782	2.16172	10.2669
269.782	2.66728	10.2669
269.782	3.30853	10.2669
269.782	4.12487	10.2669
269.782	5.16771	10.2668
269.782	6.50436	10.2668
269.782	8.22302	10.2668
269.782	10.4395	10.2668
269.782	13.306	10.2667
269.782	17.0228	10.2666
269.782	21.8539	10.2666
269.782	28.147	10.2665
269.782	36.3608	10.2663
269.782	47.1005	10.2661
269.782	61.1643	10.2659
269.782	79.6049	10.2656
269.782	103.81	10.2652
269.782	135.608	10.2646
269.782	177.403	10.2639
269.782	232.356	10.263
269.782	304.615	10.2618
269.782	399.611	10.2602
269.782	524.44	10.2582
269.782	688.354	10.2556
269.782	903.379	10.2523
269.782	1185.1	10.248
269.782	1553.65	10.2426
269.782	2034.92	10.2357
269.782	2662.09	10.2271
269.782	3477.51	10.2161
269.782	4534.9	10.2023
269.782	5902.14	10.185
269.782	7664.47	10.1634
269.782	9928.28	10.1365
269.782	12825.5	10.1032
269.782	16518.8	10.0622
269.782	21206.8	10.012
269.782	27130.6	9.9509
269.782	34580.2	9.87693
269.782	43901.1	9.78815
269.782	55501.2	9.68242
269.782	69856.9	9.55748
269.782	87518	9.41113
269.782	109112	9.24127
269.782	135344	9.04611
269.782	166997	8.8244
269.782	204922	8.57567
269.782	250031	8.30056
269.782	303277	8.00091
269.782	365633	7.67979
269.782	438057	7.34134
269.782	521456	6.99058
269.782	616644	6.6331
269.782	724284	6.27473
269.782	844836	5.92122
269.782	978498	5.57789
269.782	1.12515e+06	5.24936
269.782	1.28429e+06	4.93939
269.782	1.45499e+06	4.65076
269.782	1.63588e+06	4.38529
269.782	1.82511e+06	4.14393
269.782	2.02032e+06	3.92682
269.782	2.21875e+06	3.7335
269.782	2.41718e+06	3.56309
269.782	2.6121e+06	3.41441
269.782	2.79972e+06	3.28613
269.782	2.97615e+06	3.17694
269.782	3.1375e+06	3.08553
269.782	3.28006e+06	3.01073
269.782	3.40038e+06	2.95152
269.782	3.49548e+06	2.90707
269.782	3.56294e+06	2.87671
269.782	3.60102e+06	2.85998
240.104	0.100249	10.4603
240.104	0.101321	10.4603
240.104	0.103276	10.4603
240.104	0.106164	10.4603
240.104	0.110059	10.4603
240.104	0.11506	10.4603
240.104	0.121298	10.4603
240.104	0.128942	10.4603
240.104	0.138203	10.4603
240.104	0.149347	10.4603
240.104	0.162704	10.4603
240.104	0.178684	10.4603
240.104	0.197797	10.4603
240.104	0.220676	10.4603
240.104	0.248111	10.4603
240.104	0.28109	10.4603
240.104	0.320847	10.4603
240.104	0.368933	10.4603
240.104	0.427302	10.4603
240.104	0.498424	10.4603
240.104	0.585427	10.4603
240.104	0.692292	10.4602
240.104	0.824094	10.4602
240.104	0.987329	10.4602
240.104	1.19033	10.4602
240.104	1.44382	10.4602
240.104	1.76165	10.4602
240.104	2.16172	10.4602
240.104	2.66728	10.4602
240.104	3.30853	10.4602
240.104	4.12487	10.4602
240.104	5.16771	10.4602
240.104	6.50436	10.4602
240.104	8.22302	10.4601
240.104	10.4395	10.4601
240.104	13.306	10.46
240.104	17.0228	10.46
240.104	21.8539	10.4599
240.104	28.147	10.4598
240.104	36.3608	10.4596
240.104	47.1005	10.4595
240.104	61.1643	10.4592
240.104	79.6049	10.4589
240.104	103.81	10.4585
240.104	135.608	10.458
240.104	177.403	10.4573
240.104	232.356	10.4564
240.104	304.615	10.4552
240.104	399.611	10.4536
240.104	524.44	10.4516
240.104	688.354	10.4491
240.104	903.379	10.4457
240.104	1185.1	10.4414
240.104	1553.65	10.436
240.104	2034.92	10.4291
240.104	2662.09	10.4204
240.104	3477.51	10.4094
240.104	4534.9	10.3955
240.104	5902.14	10.3779
240.104	7664.47	10.356
240.104	9928.28	10.3287
240.104	12825.5	10.2948
240.104	16518.8	10.2529
240.104	21206.8	10.2016
240.104	27130.6	10.1389
240.104	34580.2	10.0629
240.104	43901.1	9.97144
240.104	55501.2	9.8623
240.104	69856.9	9.73308
240.104	87518	9.58144
240.104	109112	9.40518
240.104	135344	9.20249
240.104	166997	8.97217
240.104	204922	8.71396
240.104	250031	8.42873
240.104	303277	8.1186
240.104	365633	7.7869
240.104	438057	7.43803
240.104	521456	7.07727
240.104	616644	6.71041
240.104	724284	6.34348
240.104	844836	5.98229
240.104	978498	5.63218
240.104	1.12515e+06	5.29772
240.104	1.28429e+06	4.9826
240.104	1.45499e+06	4.68952
240.104	1.63588e+06	4.42024
240.104	1.82511e+06	4.17561
240.104	2.02032e+06	3.95571
240.104	2.21875e+06	3.76002
240.104	2.41718e+06	3.58759
240.104	2.6121e+06	3.4372
240.104	2.79972e+06	3.3075
240.104	2.97615e+06	3.19711
240.104	3.1375e+06	3.10472
240.104	3.28006e+06	3.02914
240.104	3.40038e+06	2.96932
240.104	3.49548e+06	2.9244
240.104	3.56294e+06	2.89373
240.104	3.60102e+06	2.87683
210.427	0.100249	10.5939
210.427	0.101321	10.5939
210.427	0.103276	10.5939
210.427	0.106164	10.5939
210.427	0.110059	10.5939
210.427	0.11506	10.5939
210.427	0.121298	10.5939
210.427	0.128942	10.5939
210.427	0.138203	10.5939
210.427	0.149347	10.5939
210.427	0.162704	10.5939
210.427	0.178684	10.5939
210.427	0.197797	10.5939
210.427	0.220676	10.5939
210.427	0.248111	10.5939
210.427	0.28109	10.5939
210.427	0.320847	10.5939
210.427	0.368933	10.5939
210.427	0.427302	10.5939
210.427	0.498424	10.5939
210.427	0.585427	10.5939
210.427	0.692292	10.5939
210.427	0.824094	10.5939
210.427	0.987329	10.5939
210.427	1.19033	10.5939
210.427	1.44382	10.5939
210.427	1.76165	10.5939
210.427	2.16172	10.5939
210.427	2.66728	10.5939
210.427	3.30853	10.5939
210.427	4.12487	10.5939
210.427	5.16771	10.5939
210.427	6.50436	10.5938
210.427	8.22302	10.5938
210.427	10.4395	10.5938
210.427	13.306	10.5937
210.427	17.0228	10.5937
210.427	21.8539	10.5936
210.427	28.147	10.5935
210.427	36.3608	10.5934
210.427	47.1005	10.5932
210.427	61.1643	10.593
210.427	79.6049	10.5927
210.427	103.81	10.5923
210.427	135.608	10.5918
210.427	177.403	10.5911
210.427	232.356	10.5902
210.427	304.615	10.5891
210.427	399.611	10.5876
210.427	524.44	10.5857
210.427	688.354	10.5832
210.427	903.379	10.5799
210.427	1185.1	10.5757
210.427	1553.65	10.5704
210.427	2034.92	10.5637
210.427	2662.09	10.5551
210.427	3477.51	10.5443
210.427	4534.9	10.5305
210.427	5902.14	10.5132
210.427	7664.47	10.4914
210.427	9928.28	10.4642
210.427	12825.5	10.4303
210.427	16518.8	10.3884
210.427	21206.8	10.3368
210.427	27130.6	10.2736
210.427	34580.2	10.1967
210.427	43901.1	10.1039
210.427	55501.2	9.99291
210.427	69856.9	9.8611
210.427	87518	9.70604
210.427	109112	9.52542
210.427	135344	9.31739
210.427	166997	9.08083
210.427	204922	8.8156
210.427	250031	8.52277
210.427	303277	8.20468
210.427	365633	7.8649
210.427	438057	7.50808
210.427	521456	7.13975
210.427	616644	6.76591
210.427	724284	6.39267
210.427	844836	6.02588
210.427	978498	5.67084
210.427	1.12515e+06	5.3321
210.427	1.28429e+06	5.01327
210.427	1.45499e+06	4.71702
210.427	1.63588e+06	4.44501
210.427	1.82511e+06	4.19805
210.427	2.02032e+06	3.97616
210.427	2.21875e+06	3.77878
210.427	2.41718e+06	3.60491
210.427	2.6121e+06	3.45332
210.427	2.79972e+06	3.3226
210.427	2.97615e+06	3.21137
210.427	3.1375e+06	3.11829
210.427	3.28006e+06	3.04214
210.427	3.40038e+06	2.98188
210.427	3.49548e+06	2.93664
210.427	3.56294e+06	2.90575
210.427	3.60102e+06	2.88873
180.75	0.100249	10.6716
180.75	0.101321	10.6716
180.75	0.103276	10.6716
180.75	0.106164	10.6716
180.75	0.110059	10.6716
180.75	0.11506	10.6716
180.75	0.121298	10.6716
180.75	0.128942	10.6716
180.75	0.138203	10.6716
180.75	0.149347	10.6716
180.75	0.162704	10.6716
180.75	0.178684	10.6716
180.75	0.197797	10.6716
180.75	0.220676	10.6716
180.75	0.248111	10.6716
180.75	0.28109	10.6716
180.75	0.320847	10.6716
180.75	0.368933	10.6716
180.75	0.427302	10.6716
180.75	0.498424	10.6716
180.75	0.585427	10.6716
180.75	0.692292	10.6716
180.75	0.824094	10.6716
180.75	0.987329	10.6715
180.75	1.19033	10.6715
180.75	1.44382	10.6715
180.75	1.76165	10.6715
180.75	2.16172	10.6715
180.75	2.66728	10.6715
180.75	3.30853	10.6715
180.75	4.12487	10.6715
180.75	5.16771	10.6715
180.75	6.50436	10.6715
180.75	8.22302	10.6714
180.75	10.4395	10.6714
180.75	13.306	10.6714
180.75	17.0228	10.6713
180.75	21.8539	10.6712
180.75	28.147	10.6712
180.75	36.3608	10.671
180.75	47.1005	10.6709
180.75	61.1643	10.6707
180.75	79.6049	10.6704
180.75	103.81	10.6701
180.75	135.608	10.6696
180.75	177.403	10.669
180.75	232.356	10.6682
180.75	304.615	10.6671
180.75	399.611	10.6657
180.75	524.44	10.6639
180.75	688.354	10.6615
180.75	903.379	10.6585
180.75	1185.1	10.6545
180.75	1553.65	10.6495
180.75	2034.92	10.6431
180.75	2662.09	10.6349
180.75	3477.51	10.6245
180.75	4534.9	10.6112
180.75	5902.14	10.5944
180.75	7664.47	10.5733
180.75	9928.28	10.5468
180.75	12825.5	10.5136
180.75	16518.8	10.4724
180.75	21206.8	10.4215
180.75	27130.6	10.3589
180.75	34580.2	10.2824
180.75	43901.1	10.1898
180.75	55501.2	10.0785
180.75	69856.9	9.94584
180.75	87518	9.78922
180.75	109112	9.6062
180.75	135344	9.3949
180.75	166997	9.15425
180.75	204922	8.88422
180.75	250031	8.58607
180.75	303277	8.26232
180.75	365633	7.91682
180.75	438057	7.55446
180.75	521456	7.18094
180.75	616644	6.80236
180.75	724284	6.42488
180.75	844836	6.05435
180.75	978498	5.69606
180.75	1.12515e+06	5.35449
180.75	1.28429e+06	5.03323
180.75	1.45499e+06	4.73489
180.75	1.63588e+06	4.4611
180.75	1.82511e+06	4.21261
180.75	2.02032e+06	3.98942
180.75	2.21875e+06	3.79094
180.75	2.41718e+06	3.61615
180.75	2.6121e+06	3.46376
180.75	2.79972e+06	3.33239
180.75	2.97615e+06	3.22061
180.75	3.1375e+06	3.12707
180.75	3.28006e+06	3.05057
180.75	3.40038e+06	2.99002
180.75	3.49548e+06	2.94457
180.75	3.56294e+06	2.91353
180.75	3.60102e+06	2.89644
151.328	0.100249	10.7032
151.328	0.101321	10.7032
151.328	0.103276	10.7032
151.328	0.106164	10.7032
151.328	0.110059	10.7032
151.328	0.11506	10.7032
151.328	0.121298	10.7032
151.328	0.128942	10.7032
151.328	0.138203	10.7032
151.328	0.149347	10.7032
151.328	0.162704	10.7032
151.328	0.178684	10.7032
151.328	0.197797	10.7032
151.328	0.220676	10.7032
151.328	0.248111	10.7032
151.328	0.28109	10.7032
151.328	0.320847	10.7032
151.328	0.368933	10.7032
151.328	0.427302	10.7032
151.328	0.498424	10.7032
151.328	0.585427	10.7032
151.328	0.692292	10.7032
151.328	0.824094	10.7031
151.328	0.987329	10.7031
151.328	1.19033	10.7031
151.328	1.44382	10.7031
151.328	1.76165	10.7031
151.328	2.16172	10.7031
151.328	2.66728	10.7031
151.328	3.30853	10.7031
151.328	4.12487	10.7031
151.328	5.16771	10.7031
151.328	6.50436	10.7031
151.328	8.22302	10.7031
151.328	10.4395	10.703
151.328	13.306	10.703
151.328	17.0228	10.703
151.328	21.8539	10.7029
151.328	28.147	10.7028
151.328	36.3608	10.7027
151.328	47.1005	10.7026
151.328	61.1643	10.7024
151.328	79.6049	10.7022
151.328	103.81	10.7019
151.328	135.608	10.7015
151.328	177.403	10.7009
151.328	232.356	10.7002
151.328	304.615	10.6992
151.328	399.611	10.698
151.328	524.44	10.6964
151.328	688.354	10.6942
151.328	903.379	10.6914
151.328	1185.1	10.6878
151.328	1553.65	10.6832
151.328	2034.92	10.6772
151.328	2662.09	10.6696
151.328	3477.51	10.6598
151.328	4534.9	10.6474
151.328	5902.14	10.6315
151.328	7664.47	10.6114
151.328	9928.28	10.5861
151.328	12825.5	10.5542
151.328	16518.8	10.5145
151.328	21206.8	10.4651
151.328	27130.6	10.404
151.328	34580.2	10.3291
151.328	43901.1	10.2378
151.328	55501.2	10.1274
151.328	69856.9	9.99526
151.328	87518	9.8384
151.328	109112	9.65438
151.328	135344	9.4413
151.328	166997	9.19818
151.328	204922	8.92512
151.328	250031	8.62355
151.328	303277	8.29623
151.328	365633	7.94718
151.328	438057	7.58145
151.328	521456	7.20482
151.328	616644	6.82344
151.328	724284	6.44347
151.328	844836	6.07075
151.328	978498	5.71056
151.328	1.12515e+06	5.36735
151.328	1.28429e+06	5.04469
151.328	1.45499e+06	4.74514
151.328	1.63588e+06	4.47032
151.328	1.82511e+06	4.22095
151.328	2.02032e+06	3.99702
151.328	2.21875e+06	3.79791
151.328	2.41718e+06	3.62258
151.328	2.6121e+06	3.46974
151.328	2.79972e+06	3.33799
151.328	2.97615e+06	3.22589
151.328	3.1375e+06	3.1321
151.328	3.28006e+06	3.05539
151.328	3.40038e+06	2.99468
151.328	3.49548e+06	2.94911
151.328	3.56294e+06	2.91799
151.328	3.60102e+06	2.90084
127.649	0.100249	10.7062
127.649	0.101321	10.7062
127.649	0.103276	10.7062
127.649	0.106164	10.7062
127.649	0.110059	10.7062
127.649	0.11506	10.7062
127.649	0.121298	10.7062
127.649	0.128942	10.7062
127.649	0.138203	10.7062
127.649	0.149347	10.7062
127.649	0.162704	10.7062
127.649	0.178684	10.7062
127.649	0.197797	10.7062
127.649	0.220676	10.7062
127.649	0.248111	10.7062
127.649	0.28109	10.7062
127.649	0.320847	10.7062
127.649	0.368933	10.7062
127.649	0.427302	10.7062
127.649	0.498424	10.7062
127.649	0.585427	10.7062
127.649	0.692292	10.7061
127.649	0.824094	10.7061
127.649	0.987329	10.7061
127.649	1.19033	10.7061
127.649	1.44382	10.7061
127.649	1.76165	10.7061
127.649	2.16172	10.7061
127.649	2.66728	10.7061
127.649	3.30853	10.7061
127.649	4.12487	10.7061
127.649	5.16771	10.7061
127.649	6.50436	10.7061
127.649	8.22302	10.7061
127.649	10.4395	10.7061
127.649	13.306	10.706
127.649	17.0228	10.706
127.649	21.8539	10.7059
127.649	28.147	10.7059
127.649	36.3608	10.7058
127.649	47.1005	10.7057
127.649	61.1643	10.7056
127.649	79.6049	10.7054
127.649	103.81	10.7051
127.649	135.608	10.7047
127.649	177.403	10.7043
127.649	232.356	10.7036
127.649	304.615	10.7028
127.649	399.611	10.7017
127.649	524.44	10.7002
127.649	688.354	10.6982
127.649	903.379	10.6957
127.649	1185.1	10.6924
127.649	1553.65	10.6881
127.649	2034.92	10.6826
127.649	2662.09	10.6755
127.649	3477.51	10.6665
127.649	4534.9	10.6548
127.649	5902.14	10.6398
127.649	7664.47	10.6208
127.649	9928.28	10.5967
127.649	12825.5	10.5662
127.649	16518.8	10.5279
127.649	21206.8	10.4801
127.649	27130.6	10.4207
127.649	34580.2	10.3474
127.649	43901.1	10.2576
127.649	55501.2	10.1484
127.649	69856.9	10.0169
127.649	87518	9.8602
127.649	109112	9.67583
127.649	135344	9.46193
127.649	166997	9.2176
127.649	204922	8.94308
127.649	250031	8.63989
127.649	303277	8.31093
127.649	365633	7.96029
127.649	438057	7.59306
127.649	521456	7.21507
127.649	616644	6.83246
127.649	724284	6.45141
127.649	844836	6.07775
127.649	978498	5.71674
127.649	1.12515e+06	5.37283
127.649	1.28429e+06	5.04956
127.649	1.45499e+06	4.7495
127.649	1.63588e+06	4.47424
127.649	1.82511e+06	4.2245
127.649	2.02032e+06	4.00025
127.649	2.21875e+06	3.80087
127.649	2.41718e+06	3.62531
127.649	2.6121e+06	3.47228
127.649	2.79972e+06	3.34037
127.649	2.97615e+06	3.22814
127.649	3.1375e+06	3.13424
127.649	3.28006e+06	3.05743
127.649	3.40038e+06	2.99666
127.649	3.49548e+06	2.95103
127.649	3.56294e+06	2.91988
127.649	3.60102e+06	2.90272
106.454	0.100249	10.7
106.454	0.101321	10.7
106.454	0.103276	10.7
106.454	0.106164	10.7
106.454	0.110059	10.7
106.454	0.11506	10.7
106.454	0.121298	10.7
106.454	0.128942	10.7
106.454	0.138203	10.7
106.454	0.149347	10.7
106.454	0.162704	10.7
106.454	0.178684	10.7
106.454	0.197797	10.7
106.454	0.220676	10.7
106.454	0.248111	10.7
106.454	0.28109	10.7
106.454	0.320847	10.7
106.454	0.368933	10.7
106.454	0.427302	10.7
106.454	0.498424	10.7
106.454	0.585427	10.7
106.454	0.692292	10.7
106.454	0.824094	10.7
106.454	0.987329	10.7
106.454	1.19033	10.7
106.454	1.44382	10.7
106.454	1.76165	10.7
106.454	2.16172	10.7
106.454	2.66728	10.7
106.454	3.30853	10.6999
106.454	4.12487	10.6999
106.454	5.16771	10.6999
106.454	6.50436	10.6999
106.454	8.22302	10.6999
106.454	10.4395	10.6999
106.454	13.306	10.6999
106.454	17.0228	10.6998
106.454	21.8539	10.6998
106.454	28.147	10.6998
106.454	36.3608	10.6997
106.454	47.1005	10.6996
106.454	61.1643	10.6995
106.454	79.6049	10.6993
106.454	103.81	10.6991
106.454	135.608	10.6988
106.454	177.403	10.6984
106.454	232.356	10.6978
106.454	304.615	10.6971
106.454	399.611	10.6961
106.454	524.44	10.6948
106.454	688.354	10.693
106.454	903.379	10.6907
106.454	1185.1	10.6877
106.454	1553.65	10.6838
106.454	2034.92	10.6787
106.454	2662.09	10.6721
106.454	3477.51	10.6637
106.454	4534.9	10.6527
106.454	5902.14	10.6386
106.454	7664.47	10.6206
106.454	9928.28	10.5976
106.454	12825.5	10.5683
106.454	16518.8	10.5314
106.454	21206.8	10.4851
106.454	27130.6	10.4272
106.454	34580.2	10.3552
106.454	43901.1	10.2665
106.454	55501.2	10.1581
106.454	69856.9	10.0271
106.454	87518	9.87047
106.454	109112	9.68589
106.454	135344	9.47155
106.454	166997	9.22659
106.454	204922	8.95133
106.454	250031	8.64737
106.454	303277	8.31763
106.454	365633	7.96624
106.454	438057	7.59832
106.454	521456	7.2197
106.454	616644	6.83653
106.454	724284	6.45499
106.454	844836	6.0809
106.454	978498	5.71952
106.454	1.12515e+06	5.3753
106.454	1.28429e+06	5.05176
106.454	1.45499e+06	4.75146
106.454	1.63588e+06	4.476
106.454	1.82511e+06	4.2261
106.454	2.02032e+06	4.0017
106.454	2.21875e+06	3.8022
106.454	2.41718e+06	3.62654
106.454	2.6121e+06	3.47342
106.454	2.79972e+06	3.34144
106.454	2.97615e+06	3.22915
106.454	3.1375e+06	3.1352
106.454	3.28006e+06	3.05835
106.454	3.40038e+06	2.99755
106.454	3.49548e+06	2.9519
106.454	3.56294e+06	2.92073
106.454	3.60102e+06	2.90356
85.2594	0.100249	10.6916
85.2594	0.101321	10.6916
85.2594	0.103276	10.6916
85.2594	0.106164	10.6916
85.2594	0.110059	10.6916
85.2594	0.11506	10.6915
85.2594	0.121298	10.6915
85.2594	0.128942	10.6915
85.2594	0.138203	10.6915
85.2594	0.149347	10.6915
85.2594	0.162704	10.6915
85.2594	0.178684	10.6915
85.2594	0.197797	10.6915
85.2594	0.220676	10.6915
85.2594	0.248111	10.6915
85.2594	0.28109	10.6915
85.2594	0.320847	10.6915
85.2594	0.368933	10.6915
85.2594	0.427302	10.6915
85.2594	0.498424	10.6915
85.2594	0.585427	10.6915
85.2594	0.692292	10.6915
85.2594	0.824094	10.6915
85.2594	0.987329	10.6915
85.2594	1.19033	10.6915
85.2594	1.44382	10.6915
85.2594	1.76165	10.6915
85.2594	2.16172	10.6915
85.2594	2.66728	10.6915
85.2594	3.30853	10.6915
85.2594	4.12487	10.6915
85.2594	5.16771	10.6915
85.2594	6.50436	10.6915
85.2594	8.22302	10.6915
85.2594	10.4395	10.6915
85.2594	13.306	10.6915
85.2594	17.0228	10.6914
85.2594	21.8539	10.6914
85.2594	28.147	10.6914
85.2594	36.3608	10.6913
85.2594	47.1005	10.6913
85.2594	61.1643	10.6912
85.2594	79.6049	10.6911
85.2594	103.81	10.6909
85.2594	135.608	10.6906
85.2594	177.403	10.6902
85.2594	232.356	10.6898
85.2594	304.615	10.6891
85.2594	399.611	10.6882
85.2594	524.44	10.6871
85.2594	688.354	10.6855
85.2594	903.379	10.6834
85.2594	1185.1	10.6806
85.2594	1553.65	10.6771
85.2594	2034.92	10.6724
85.2594	2662.09	10.6663
85.2594	3477.51	10.6584
85.2594	4534.9	10.6481
85.2594	5902.14	10.6348
85.2594	7664.47	10.6177
85.2594	9928.28	10.5957
85.2594	12825.5	10.5676
85.2594	16518.8	10.5318
85.2594	21206.8	10.4867
85.2594	27130.6	10.4298
85.2594	34580.2	10.3587
85.2594	43901.1	10.2706
85.2594	55501.2	10.1626
85.2594	69856.9	10.0317
85.2594	87518	9.87517
85.2594	109112	9.69045
85.2594	135344	9.47587
85.2594	166997	9.23061
85.2594	204922	8.955
85.2594	250031	8.65069
85.2594	303277	8.32059
85.2594	365633	7.96887
85.2594	438057	7.60064
85.2594	521456	7.22174
85.2594	616644	6.83832
85.2594	724284	6.45656
85.2594	844836	6.08229
85.2594	978498	5.72074
85.2594	1.12515e+06	5.37638
85.2594	1.28429e+06	5.05272
85.2594	1.45499e+06	4.75232
85.2594	1.63588e+06	4.47678
85.2594	1.82511e+06	4.2268
85.2594	2.02032e+06	4.00234
85.2594	2.21875e+06	3.80278
85.2594	2.41718e+06	3.62708
85.2594	2.6121e+06	3.47392
85.2594	2.79972e+06	3.3419
85.2594	2.97615e+06	3.22959
85.2594	3.1375e+06	3.13562
85.2594	3.28006e+06	3.05876
85.2594	3.40038e+06	2.99794
85.2594	3.49548e+06	2.95228
85.2594	3.56294e+06	2.9211
85.2594	3.60102e+06	2.90393
64.0647	0.100249	10.6849
64.0647	0.101321	10.6849
64.0647	0.103276	10.6849
64.0647	0.106164	10.6849
64.0647	0.110059	10.6849
64.0647	0.11506	10.6849
64.0647	0.121298	10.6849
64.0647	0.128942	10.6849
64.0647	0.138203	10.6849
64.0647	0.149347	10.6849
64.0647	0.162704	10.6849
64.0647	0.178684	10.6849
64.0647	0.197797	10.6849
64.0647	0.220676	10.6849
64.0647	0.248111	10.6849
64.0647	0.28109	10.6849
64.0647	0.320847	10.6849
64.0647	0.368933	10.6849
64.0647	0.427302	10.6849
64.0647	0.498424	10.6849
64.0647	0.585427	10.6849
64.0647	0.692292	10.6848
64.0647	0.824094	10.6848
64.0647	0.987329	10.6848
64.0647	1.19033	10.6848
64.0647	1.44382	10.6848
64.0647	1.76165	10.6848
64.0647	2.16172	10.6848
64.0647	2.66728	10.6848
64.0647	3.30853	10.6848
64.0647	4.12487	10.6848
64.0647	5.16771	10.6848
64.0647	6.50436	10.6848
64.0647	8.22302	10.6848
64.0647	10.4395	10.6848
64.0647	13.306	10.6848
64.0647	17.0228	10.6848
64.0647	21.8539	10.6848
64.0647	28.147	10.6847
64.0647	36.3608	10.6847
64.0647	47.1005	10.6847
64.0647	61.1643	10.6846
64.0647	79.6049	10.6845
64.0647	103.81	10.6843
64.0647	135.608	10.6841
64.0647	177.403	10.6838
64.0647	232.356	10.6834
64.0647	304.615	10.6828
64.0647	399.611	10.682
64.0647	524.44	10.681
64.0647	688.354	10.6796
64.0647	903.379	10.6776
64.0647	1185.1	10.6751
64.0647	1553.65	10.6718
64.0647	2034.92	10.6675
64.0647	2662.09	10.6618
64.0647	3477.51	10.6543
64.0647	4534.9	10.6446
64.0647	5902.14	10.6319
64.0647	7664.47	10.6154
64.0647	9928.28	10.5942
64.0647	12825.5	10.5668
64.0647	16518.8	10.5317
64.0647	21206.8	10.4871
64.0647	27130.6	10.4307
64.0647	34580.2	10.3599
64.0647	43901.1	10.2721
64.0647	55501.2	10.1642
64.0647	69856.9	10.0334
64.0647	87518	9.87681
64.0647	109112	9.69204
64.0647	135344	9.47737
64.0647	166997	9.23199
64.0647	204922	8.95626
64.0647	250031	8.65182
64.0647	303277	8.3216
64.0647	365633	7.96976
64.0647	438057	7.60143
64.0647	521456	7.22243
64.0647	616644	6.83893
64.0647	724284	6.4571
64.0647	844836	6.08276
64.0647	978498	5.72116
64.0647	1.12515e+06	5.37674
64.0647	1.28429e+06	5.05305
64.0647	1.45499e+06	4.75261
64.0647	1.63588e+06	4.47704
64.0647	1.82511e+06	4.22703
64.0647	2.02032e+06	4.00256
64.0647	2.21875e+06	3.80298
64.0647	2.41718e+06	3.62726
64.0647	2.6121e+06	3.47409
64.0647	2.79972e+06	3.34206
64.0647	2.97615e+06	3.22974
64.0647	3.1375e+06	3.13576
64.0647	3.28006e+06	3.05889
64.0647	3.40038e+06	2.99807
64.0647	3.49548e+06	2.95241
64.0647	3.56294e+06	2.92123
64.0647	3.60102e+06	2.90405
52.5327	0.100249	10.6826
52.5327	0.101321	10.6826
52.5327	0.103276	10.6826
52.5327	0.106164	10.6826
52.5327	0.110059	10.6826
52.5327	0.11506	10.6826
52.5327	0.121298	10.6826
52.5327	0.128942	10.6826
52.5327	0.138203	10.6826
52.5327	0.149347	10.6826
52.5327	0.162704	10.6826
52.5327	0.178684	10.6826
52.5327	0.197797	10.6826
52.5327	0.220676	10.6826
52.5327	0.248111	10.6826
52.5327	0.28109	10.6826
52.5327	0.320847	10.6826
52.5327	0.368933	10.6826
52.5327	0.427302	10.6826
52.5327	0.498424	10.6826
52.5327	0.585427	10.6826
52.5327	0.692292	10.6826
52.5327	0.824094	10.6826
52.5327	0.987329	10.6826
52.5327	1.19033	10.6826
52.5327	1.44382	10.6826
52.5327	1.76165	10.6826
52.5327	2.16172	10.6825
52.5327	2.66728	10.6825
52.5327	3.30853	10.6825
52.5327	4.12487	10.6825
52.5327	5.16771	10.6825
52.5327	6.50436	10.6825
52.5327	8.22302	10.6825
52.5327	10.4395	10.6825
52.5327	13.306	10.6825
52.5327	17.0228	10.6825
52.5327	21.8539	10.6825
52.5327	28.147	10.6825
52.5327	36.3608	10.6824
52.5327	47.1005	10.6824
52.5327	61.1643	10.6823
52.5327	79.6049	10.6822
52.5327	103.81	10.6821
52.5327	135.608	10.6819
52.5327	177.403	10.6816
52.5327	232.356	10.6812
52.5327	304.615	10.6807
52.5327	399.611	10.6799
52.5327	524.44	10.6789
52.5327	688.354	10.6776
52.5327	903.379	10.6758
52.5327	1185.1	10.6733
52.5327	1553.65	10.6701
52.5327	2034.92	10.6659
52.5327	2662.09	10.6604
52.5327	3477.51	10.6531
52.5327	4534.9	10.6436
52.5327	5902.14	10.6311
52.5327	7664.47	10.6149
52.5327	9928.28	10.5938
52.5327	12825.5	10.5666
52.5327	16518.8	10.5317
52.5327	21206.8	10.4872
52.5327	27130.6	10.4309
52.5327	34580.2	10.3602
52.5327	43901.1	10.2723
52.5327	55501.2	10.1645
52.5327	69856.9	10.0337
52.5327	87518	9.8771
52.5327	109112	9.69232
52.5327	135344	9.47762
52.5327	166997	9.23223
52.5327	204922	8.95648
52.5327	250031	8.65201
52.5327	303277	8.32178
52.5327	365633	7.96991
52.5327	438057	7.60156
52.5327	521456	7.22255
52.5327	616644	6.83903
52.5327	724284	6.45719
52.5327	844836	6.08284
52.5327	978498	5.72123
52.5327	1.12515e+06	5.37681
52.5327	1.28429e+06	5.0531
52.5327	1.45499e+06	4.75266
52.5327	1.63588e+06	4.47708
52.5327	1.82511e+06	4.22707
52.5327	2.02032e+06	4.00259
52.5327	2.21875e+06	3.80301
52.5327	2.41718e+06	3.62729
52.5327	2.6121e+06	3.47412
52.5327	2.79972e+06	3.34209
52.5327	2.97615e+06	3.22976
52.5327	3.1375e+06	3.13578
52.5327	3.28006e+06	3.05892
52.5327	3.40038e+06	2.99809
52.5327	3.49548e+06	2.95243
52.5327	3.56294e+06	2.92125
52.5327	3.60102e+06	2.90407
38.3018	0.100249	10.681
38.3018	0.101321	10.681
38.3018	0.103276	10.681
38.3018	0.106164	10.681
38.3018	0.110059	10.681
38.3018	0.11506	10.681
38.3018	0.121298	10.681
38.3018	0.128942	10.681
38.3018	0.138203	10.681
38.3018	0.149347	10.681
38.3018	0.162704	10.681
38.3018	0.178684	10.681
38.3018	0.197797	10.681
38.3018	0.220676	10.681
38.3018	0.248111	10.681
38.3018	0.28109	10.681
38.3018	0.320847	10.681
38.3018	0.368933	10.681
38.3018	0.427302	10.681
38.3018	0.498424	10.681
38.3018	0.585427	10.681
38.3018	0.692292	10.681
38.3018	0.824094	10.681
38.3018	0.987329	10.681
38.3018	1.19033	10.681
38.3018	1.44382	10.681
38.3018	1.76165	10.681
38.3018	2.16172	10.681
38.3018	2.66728	10.681
38.3018	3.30853	10.681
38.3018	4.12487	10.681
38.3018	5.16771	10.681
38.3018	6.50436	10.681
38.3018	8.22302	10.6809
38.3018	10.4395	10.6809
38.3018	13.306	10.6809
38.3018	17.0228	10.6809
38.3018	21.8539	10.6809
38.3018	28.147	10.6809
38.3018	36.3608	10.6809
38.3018	47.1005	10.6808
38.3018	61.1643	10.6808
38.3018	79.6049	10.6807
38.3018	103.81	10.6806
38.3018	135.608	10.6804
38.3018	177.403	10.6801
38.3018	232.356	10.6798
38.3018	304.615	10.6793
38.3018	399.611	10.6786
38.3018	524.44	10.6776
38.3018	688.354	10.6763
38.3018	903.379	10.6745
38.3018	1185.1	10.6722
38.3018	1553.65	10.6691
38.3018	2034.92	10.665
38.3018	2662.09	10.6596
38.3018	3477.51	10.6525
38.3018	4534.9	10.6431
38.3018	5902.14	10.6307
38.3018	7664.47	10.6146
38.3018	9928.28	10.5937
38.3018	12825.5	10.5666
38.3018	16518.8	10.5317
38.3018	21206.8	10.4873
38.3018	27130.6	10.431
38.3018	34580.2	10.3603
38.3018	43901.1	10.2725
38.3018	55501.2	10.1646
38.3018	69856.9	10.0338
38.3018	87518	9.87722
38.3018	109112	9.69243
38.3018	135344	9.47773
38.3018	166997	9.23232
38.3018	204922	8.95656
38.3018	250031	8.65209
38.3018	303277	8.32184
38.3018	365633	7.96997
38.3018	438057	7.60162
38.3018	521456	7.22259
38.3018	616644	6.83908
38.3018	724284	6.45722
38.3018	844836	6.08287
38.3018	978498	5.72126
38.3018	1.12515e+06	5.37683
38.3018	1.28429e+06	5.05312
38.3018	1.45499e+06	4.75268
38.3018	1.63588e+06	4.4771
38.3018	1.82511e+06	4.22709
38.3018	2.02032e+06	4.00261
38.3018	2.21875e+06	3.80303
38.3018	2.41718e+06	3.6273
38.3018	2.6121e+06	3.47413
38.3018	2.79972e+06	3.3421
38.3018	2.97615e+06	3.22978
38.3018	3.1375e+06	3.13579
38.3018	3.28006e+06	3.05893
38.3018	3.40038e+06	2.9981
38.3018	3.49548e+06	2.95244
38.3018	3.56294e+06	2.92126
38.3018	3.60102e+06	2.90408
24.071	0.100249	10.6804
24.071	0.101321	10.6804
24.071	0.103276	10.6804
24.071	0.106164	10.6804
24.071	0.110059	10.6804
24.071	0.11506	10.6804
24.071	0.121298	10.6804
24.071	0.128942	10.6804
24.071	0.138203	10.6804
24.071	0.149347	10.6804
24.071	0.162704	10.6804
24.071	0.178684	10.6804
24.071	0.197797	10.6804
24.071	0.220676	10.6804
24.071	0.248111	10.6804
24.071	0.28109	10.6804
24.071	0.320847	10.6804
24.071	0.368933	10.6804
24.071	0.427302	10.6804
24.071	0.498424	10.6804
24.071	0.585427	10.6804
24.071	0.692292	10.6804
24.071	0.824094	10.6804
24.071	0.987329	10.6804
24.071	1.19033	10.6804
24.071	1.44382	10.6804
24.071	1.76165	10.6804
24.071	2.16172	10.6804
24.071	2.66728	10.6804
24.071	3.30853	10.6804
24.071	4.12487	10.6804
24.071	5.16771	10.6804
24.071	6.50436	10.6804
24.071	8.22302	10.6804
24.071	10.4395	10.6803
24.071	13.306	10.6803
24.071	17.0228	10.6803
24.071	21.8539	10.6803
24.071	28.147	10.6803
24.071	36.3608	10.6803
24.071	47.1005	10.6803
24.071	61.1643	10.6802
24.071	79.6049	10.6802
24.071	103.81	10.68
24.071	135.608	10.6799
24.071	177.403	10.6796
24.071	232.356	10.6793
24.071	304.615	10.6788
24.071	399.611	10.6781
24.071	524.44	10.6772
24.071	688.354	10.6759
24.071	903.379	10.6742
24.071	1185.1	10.6719
24.071	1553.65	10.6688
24.071	2034.92	10.6648
24.071	2662.09	10.6594
24.071	3477.51	10.6524
24.071	4534.9	10.643
24.071	5902.14	10.6307
24.071	7664.47	10.6146
24.071	9928.28	10.5937
24.071	12825.5	10.5666
24.071	16518.8	10.5317
24.071	21206.8	10.4873
24.071	27130.6	10.431
24.071	34580.2	10.3603
24.071	43901.1	10.2725
24.071	55501.2	10.1647
24.071	69856.9	10.0338
24.071	87518	9.87724
24.071	109112	9.69245
24.071	135344	9.47775
24.071	166997	9.23234
24.071	204922	8.95658
24.071	250031	8.6521
24.071	303277	8.32186
24.071	365633	7.96998
24.071	438057	7.60162
24.071	521456	7.2226
24.071	616644	6.83908
24.071	724284	6.45723
24.071	844836	6.08287
24.071	978498	5.72126
24.071	1.12515e+06	5.37684
24.071	1.28429e+06	5.05313
24.071	1.45499e+06	4.75269
24.071	1.63588e+06	4.4771
24.071	1.82511e+06	4.22709
24.071	2.02032e+06	4.00261
24.071	2.21875e+06	3.80303
24.071	2.41718e+06	3.62731
24.071	2.6121e+06	3.47414
24.071	2.79972e+06	3.3421
24.071	2.97615e+06	3.22978
24.071	3.1375e+06	3.1358
24.071	3.28006e+06	3.05893
24.071	3.40038e+06	2.9981
24.071	3.49548e+06	2.95244
24.071	3.56294e+06	2.92126
24.071	3.60102e+06	2.90408
11.7154	0.100249	10.6803
11.7154	0.101321	10.6803
11.7154	0.103276	10.6803
11.7154	0.106164	10.6803
11.7154	0.110059	10.6803
11.7154	0.11506	10.6803
11.7154	0.121298	10.6803
11.7154	0.128942	10.6803
11.7154	0.138203	10.6803
11.7154	0.149347	10.6803
11.7154	0.162704	10.6803
11.7154	0.178684	10.6803
11.7154	0.197797	10.6803
11.7154	0.220676	10.6803
11.7154	0.248111	10.6803
11.7154	0.28109	10.6803
11.7154	0.320847	10.6803
11.7154	0.368933	10.6803
11.7154	0.427302	10.6803
11.7154	0.498424	10.6803
11.7154	0.585427	10.6803
11.7154	0.692292	10.6803
11.7154	0.824094	10.6803
11.7154	0.987329	10.6803
11.7154	1.19033	10.6803
11.7154	1.44382	10.6803
11.7154	1.76165	10.6803
11.7154	2.16172	10.6803
11.7154	2.66728	10.6803
11.7154	3.30853	10.6803
11.7154	4.12487	10.6803
11.7154	5.16771	10.6803
11.7154	6.50436	10.6802
11.7154	8.22302	10.6802
11.7154	10.4395	10.6802
11.7154	13.306	10.6802
11.7154	17.0228	10.6802
11.7154	21.8539	10.6802
11.7154	28.147	10.6802
11.7154	36.3608	10.6802
11.7154	47.1005	10.6802
11.7154	61.1643	10.6801
11.7154	79.6049	10.6801
11.7154	103.81	10.6799
11.7154	135.608	10.6798
11.7154	177.403	10.6795
11.7154	232.356	10.6792
11.7154	304.615	10.6787
11.7154	399.611	10.678
11.7154	524.44	10.6771
11.7154	688.354	10.6758
11.7154	903.379	10.6741
11.7154	1185.1	10.6718
11.7154	1553.65	10.6688
11.7154	2034.92	10.6647
11.7154	2662.09	10.6594
11.7154	3477.51	10.6523
11.7154	4534.9	10.643
11.7154	5902.14	10.6307
11.7154	7664.47	10.6146
11.7154	9928.28	10.5937
11.7154	12825.5	10.5666
11.7154	16518.8	10.5317
11.7154	21206.8	10.4873
11.7154	27130.6	10.431
11.7154	34580.2	10.3603
11.7154	43901.1	10.2725
11.7154	55501.2	10.1647
11.7154	69856.9	10.0338
11.7154	87518	9.87724
11.7154	109112	9.69245
11.7154	135344	9.47775
11.7154	166997	9.23234
11.7154	204922	8.95658
11.7154	250031	8.6521
11.7154	303277	8.32186
11.7154	365633	7.96999
11.7154	438057	7.60163
11.7154	521456	7.2226
11.7154	616644	6.83908
11.7154	724284	6.45723
11.7154	844836	6.08287
11.7154	978498	5.72126
11.7154	1.12515e+06	5.37684
11.7154	1.28429e+06	5.05313
11.7154	1.45499e+06	4.75269
11.7154	1.63588e+06	4.4771
11.7154	1.82511e+06	4.22709
11.7154	2.02032e+06	4.00261
11.7154	2.21875e+06	3.80303
11.7154	2.41718e+06	3.62731
11.7154	2.6121e+06	3.47414
11.7154	2.79972e+06	3.3421
11.7154	2.97615e+06	3.22978
11.7154	3.1375e+06	3.1358
11.7154	3.28006e+06	3.05893
11.7154	3.40038e+06	2.9981
11.7154	3.49548e+06	2.95244
11.7154	3.56294e+06	2.92126
11.7154	3.60102e+06	2.90408
0.1	0.100249	10.6803
0.1	0.101321	10.6803
0.1	0.103276	10.6803
0.1	0.106164	10.6803
0.1	0.110059	10.6803
0.1	0.11506	10.6803
0.1	0.121298	10.6803
0.1	0.128942	10.6803
0.1	0.138203	10.6803
0.1	0.149347	10.6803
0.1	0.162704	10.6803
0.1	0.178684	10.6803
0.1	0.197797	10.6803
0.1	0.220676	10.6803
0.1	0.248111	10.6803
0.1	0.28109	10.6803
0.1	0.320847	10.6803
0.1	0.368933	10.6803
0.1	0.427302	10.6803
0.1	0.498424	10.6803
0.1	0.585427	10.6803
0.1	0.692292	10.6803
0.1	0.824094	10.6803
0.1	0.987329	10.6803
0.1	1.19033	10.6803
0.1	1.44382	10.6803
0.1	1.76165	10.6803
0.1	2.16172	10.6803
0.1	2.66728	10.6803
0.1	3.30853	10.6802
0.1	4.12487	10.6802
0.1	5.16771	10.6802
0.1	6.50436	10.6802
0.1	8.22302	10.6802
0.1	10.4395	10.6802
0.1	13.306	10.6802
0.1	17.0228	10.6802
0.1	21.8539	10.6802
0.1	28.147	10.6802
0.1	36.3608	10.6802
0.1	47.1005	10.6802
0.1	61.1643	10.6801
0.1	79.6049	10.6801
0.1	103.81	10.6799
0.1	135.608	10.6798
0.1	177.403	10.6795
0.1	232.356	10.6792
0.1	304.615	10.6787
0.1	399.611	10.678
0.1	524.44	10.6771
0.1	688.354	10.6758
0.1	903.379	10.6741
0.1	1185.1	10.6718
0.1	1553.65	10.6688
0.1	2034.92	10.6647
0.1	2662.09	10.6594
0.1	3477.51	10.6523
0.1	4534.9	10.643
0.1	5902.14	10.6307
0.1	7664.47	10.6146
0.1	9928.28	10.5937
0.1	12825.5	10.5666
0.1	16518.8	10.5317
0.1	21206.8	10.4873
0.1	27130.6	10.431
0.1	34580.2	10.3603
0.1	43901.1	10.2725
0.1	55501.2	10.1647
0.1	69856.9	10.0338
0.1	87518	9.87724
0.1	109112	9.69245
0.1	135344	9.47775
0.1	166997	9.23234
0.1	204922	8.95658
0.1	250031	8.6521
0.1	303277	8.32186
0.1	365633	7.96999
0.1	438057	7.60163
0.1	521456	7.2226
0.1	616644	6.83908
0.1	724284	6.45723
0.1	844836	6.08287
0.1	978498	5.72126
0.1	1.12515e+06	5.37684
0.1	1.28429e+06	5.05313
0.1	1.45499e+06	4.75269
0.1	1.63588e+06	4.4771
0.1	1.82511e+06	4.22709
0.1	2.02032e+06	4.00261
0.1	2.21875e+06	3.80303
0.1	2.41718e+06	3.62731
0.1	2.6121e+06	3.47414
0.1	2.79972e+06	3.3421
0.1	2.97615e+06	3.22978
0.1	3.1375e+06	3.1358
0.1	3.28006e+06	3.05893
0.1	3.40038e+06	2.9981
0.1	3.49548e+06	2.95244
0.1	3.56294e+06	2.92126
0.1	3.60102e+06	2.90408
0.1	0.100249	10.6803
0.1	0.101321	10.6803
0.1	0.103276	10.6803
0.1	0.106164	10.6803
0.1	0.110059	10.6803
0.1	0.11506	10.6803
0.1	0.121298	10.6803
0.1	0.128942	10.6803
0.1	0.138203	10.6803
0.1	0.149347	10.6803
0.1	0.162704	10.6803
0.1	0.178684	10.6803
0.1	0.197797	10.6803
0.1	0.220676	10.6803
0.1	0.248111	10.6803
0.1	0.28109	10.6803
0.1	0.320847	10.6803
0.1	0.368933	10.6803
0.1	0.427302	10.6803
0.1	0.498424	10.6803
0.1	0.585427	10.6803
0.1	0.692292	10.6803
0.1	0.824094	10.6803
0.1	0.987329	10.6803
0.1	1.19033	10.6803
0.1	1.44382	10.6803
0.1	1.76165	10.6803
0.1	2.16172	10.6803
0.1	2.66728	10.6803
0.1	3.30853	10.6802
0.1	4.12487	10.6802
0.1	5.16771	10.6802
0.1	6.50436	10.6802
0.1	8.22302	10.6802
0.1	10.4395	10.6802
0.1	13.306	10.6802
0.1	17.0228	10.6802
0.1	21.8539	10.6802
0.1	28.147	10.6802
0.1	36.3608	10.6802
0.1	47.1005	10.6802
0.1	61.1643	10.6801
0.1	79.6049	10.6801
0.1	103.81	10.6799
0.1	135.608	10.6798
0.1	177.403	10.6795
0.1	232.356	10.6792
0.1	304.615	10.6787
0.1	399.611	10.678
0.1	524.44	10.6771
0.1	688.354	10.6758
0.1	903.379	10.6741
0.1	1185.1	10.6718
0.1	1553.65	10.6688
0.1	2034.92	10.6647
0.1	2662.09	10.6594
0.1	3477.51	10.6523
0.1	4534.9	10.643
0.1	5902.14	10.6307
0.1	7664.47	10.6146
0.1	9928.28	10.5937
0.1	12825.5	10.5666
0.1	16518.8	10.5317
0.1	21206.8	10.4873
0.1	27130.6	10.431
0.1	34580.2	10.3603
0.1	43901.1	10.2725
0.1	55501.2	10.1647
0.1	69856.9	10.0338
0.1	87518	9.87724
0.1	109112	9.69245
0.1	135344	9.47775
0.1	166997	9.23234
0.1	204922	8.95658
0.1	250031	8.6521
0.1	303277	8.32186
0.1	365633	7.96999
0.1	438057	7.60163
0.1	521456	7.2226
0.1	616644	6.83908
0.1	724284	6.45723
0.1	844836	6.08287
0.1	978498	5.72126
0.1	1.12515e+06	5.37684
0.1	1.28429e+06	5.05313
0.1	1.45499e+06	4.75269
0.1	1.63588e+06	4.4771
0.1	1.82511e+06	4.22709
0.1	2.02032e+06	4.00261
0.1	2.21875e+06	3.80303
0.1	2.41718e+06	3.62731
0.1	2.6121e+06	3.47414
0.1	2.79972e+06	3.3421
0.1	2.97615e+06	3.22978
0.1	3.1375e+06	3.1358
0.1	3.28006e+06	3.05893
0.1	3.40038e+06	2.9981
0.1	3.49548e+06	2.95244
0.1	3.56294e+06	2.92126
0.1	3.60102e+06	2.90408
