949	0.100249	1.01084
949	0.101321	1.01084
949	0.103276	1.01084
949	0.106164	1.01084
949	0.110059	1.01084
949	0.11506	1.01084
949	0.121298	1.01084
949	0.128942	1.01084
949	0.138203	1.01084
949	0.149347	1.01084
949	0.162704	1.01084
949	0.178684	1.01084
949	0.197797	1.01084
949	0.220676	1.01084
949	0.248111	1.01084
949	0.28109	1.01084
949	0.320847	1.01084
949	0.368933	1.01084
949	0.427302	1.01084
949	0.498424	1.01084
949	0.585427	1.01084
949	0.692292	1.01084
949	0.824094	1.01084
949	0.987329	1.01084
949	1.19033	1.01084
949	1.44382	1.01084
949	1.76165	1.01084
949	2.16172	1.01084
949	2.66728	1.01084
949	3.30853	1.01084
949	4.12487	1.01084
949	5.16771	1.01084
949	6.50436	1.01084
949	8.22302	1.01084
949	10.4395	1.01084
949	13.306	1.01084
949	17.0228	1.01084
949	21.8539	1.01084
949	28.147	1.01084
949	36.3608	1.01084
949	47.1005	1.01084
949	61.1643	1.01084
949	79.6049	1.01084
949	103.81	1.01084
949	135.608	1.01084
949	177.403	1.01084
949	232.356	1.01084
949	304.615	1.01084
949	399.611	1.01084
949	524.44	1.01084
949	688.354	1.01083
949	903.379	1.01083
949	1185.1	1.01083
949	1553.65	1.01083
949	2034.92	1.01082
949	2662.09	1.01081
949	3477.51	1.01081
949	4534.9	1.0108
949	5902.14	1.01079
949	7664.47	1.01077
949	9928.28	1.01075
949	12825.5	1.01073
949	16518.8	1.01071
949	21206.8	1.01067
949	27130.6	1.01063
949	34580.2	1.01059
949	43901.1	1.01053
949	55501.2	1.01046
949	69856.9	1.01038
949	87518	1.01029
949	109112	1.01018
949	135344	1.01005
949	166997	1.0099
949	204922	1.00974
949	250031	1.00956
949	303277	1.00935
949	365633	1.00913
949	438057	1.00888
949	521456	1.00861
949	616644	1.00833
949	724284	1.00802
949	844836	1.0077
949	978498	1.00737
949	1.12515e+06	1.00703
949	1.28429e+06	1.00669
949	1.45499e+06	1.00635
949	1.63588e+06	1.00601
949	1.82511e+06	1.00569
949	2.02032e+06	1.00538
949	2.21875e+06	1.00509
949	2.41718e+06	1.00483
949	2.6121e+06	1.00459
949	2.79972e+06	1.00438
949	2.97615e+06	1.0042
949	3.1375e+06	1.00404
949	3.28006e+06	1.00391
949	3.40038e+06	1.00381
949	3.49548e+06	1.00373
949	3.56294e+06	1.00368
949	3.60102e+06	1.00365
946.847	0.100249	1.03421
946.847	0.101321	1.03421
946.847	0.103276	1.03421
946.847	0.106164	1.03421
946.847	0.110059	1.03421
946.847	0.11506	1.03421
946.847	0.121298	1.03421
946.847	0.128942	1.03421
946.847	0.138203	1.03421
946.847	0.149347	1.03421
946.847	0.162704	1.03421
946.847	0.178684	1.03421
946.847	0.197797	1.03421
946.847	0.220676	1.03421
946.847	0.248111	1.03421
946.847	0.28109	1.03421
946.847	0.320847	1.03421
946.847	0.368933	1.03421
946.847	0.427302	1.03421
946.847	0.498424	1.03421
946.847	0.585427	1.03421
946.847	0.692292	1.03421
946.847	0.824094	1.03421
946.847	0.987329	1.03421
946.847	1.19033	1.03421
946.847	1.44382	1.03421
946.847	1.76165	1.03421
946.847	2.16172	1.03421
946.847	2.66728	1.03421
946.847	3.30853	1.03421
946.847	4.12487	1.03421
946.847	5.16771	1.03421
946.847	6.50436	1.03421
946.847	8.22302	1.03421
946.847	10.4395	1.03421
946.847	13.306	1.03421
946.847	17.0228	1.03421
946.847	21.8539	1.03421
946.847	28.147	1.03421
946.847	36.3608	1.03421
946.847	47.1005	1.03421
946.847	61.1643	1.03421
946.847	79.6049	1.03421
946.847	103.81	1.03421
946.847	135.608	1.03421
946.847	177.403	1.03421
946.847	232.356	1.03421
946.847	304.615	1.0342
946.847	399.611	1.0342
946.847	524.44	1.0342
946.847	688.354	1.03419
946.847	903.379	1.03418
946.847	1185.1	1.03417
946.847	1553.65	1.03416
946.847	2034.92	1.03415
946.847	2662.09	1.03413
946.847	3477.51	1.0341
946.847	4534.9	1.03408
946.847	5902.14	1.03404
946.847	7664.47	1.03399
946.847	9928.28	1.03394
946.847	12825.5	1.03387
946.847	16518.8	1.03378
946.847	21206.8	1.03368
946.847	27130.6	1.03356
946.847	34580.2	1.03341
946.847	43901.1	1.03322
946.847	55501.2	1.03301
946.847	69856.9	1.03275
946.847	87518	1.03246
946.847	109112	1.03211
946.847	135344	1.03171
946.847	166997	1.03125
946.847	204922	1.03073
946.847	250031	1.03015
946.847	303277	1.0295
946.847	365633	1.02879
946.847	438057	1.02801
946.847	521456	1.02716
946.847	616644	1.02626
946.847	724284	1.0253
946.847	844836	1.02429
946.847	978498	1.02325
946.847	1.12515e+06	1.02218
946.847	1.28429e+06	1.02109
946.847	1.45499e+06	1.02001
946.847	1.63588e+06	1.01895
946.847	1.82511e+06	1.01792
946.847	2.02032e+06	1.01695
946.847	2.21875e+06	1.01605
946.847	2.41718e+06	1.01522
946.847	2.6121e+06	1.01447
946.847	2.79972e+06	1.0138
946.847	2.97615e+06	1.01323
946.847	3.1375e+06	1.01273
946.847	3.28006e+06	1.01233
946.847	3.40038e+06	1.012
946.847	3.49548e+06	1.01175
946.847	3.56294e+06	1.01158
946.847	3.60102e+06	1.01148
937.156	0.100249	1.13979
937.156	0.101321	1.13979
937.156	0.103276	1.13979
937.156	0.106164	1.13979
937.156	0.110059	1.13979
937.156	0.11506	1.13979
937.156	0.121298	1.13979
937.156	0.128942	1.13979
937.156	0.138203	1.13979
937.156	0.149347	1.13979
937.156	0.162704	1.13979
937.156	0.178684	1.13979
937.156	0.197797	1.13979
937.156	0.220676	1.13979
937.156	0.248111	1.13979
937.156	0.28109	1.13979
937.156	0.320847	1.13979
937.156	0.368933	1.13979
937.156	0.427302	1.13979
937.156	0.498424	1.13979
937.156	0.585427	1.13979
937.156	0.692292	1.13979
937.156	0.824094	1.13979
937.156	0.987329	1.13979
937.156	1.19033	1.13979
937.156	1.44382	1.13979
937.156	1.76165	1.13979
937.156	2.16172	1.13979
937.156	2.66728	1.13979
937.156	3.30853	1.13979
937.156	4.12487	1.13979
937.156	5.16771	1.13979
937.156	6.50436	1.13979
937.156	8.22302	1.13979
937.156	10.4395	1.13979
937.156	13.306	1.13979
937.156	17.0228	1.13979
937.156	21.8539	1.13979
937.156	28.147	1.13979
937.156	36.3608	1.13979
937.156	47.1005	1.13979
937.156	61.1643	1.13979
937.156	79.6049	1.13978
937.156	103.81	1.13978
937.156	135.608	1.13978
937.156	177.403	1.13977
937.156	232.356	1.13977
937.156	304.615	1.13976
937.156	399.611	1.13974
937.156	524.44	1.13973
937.156	688.354	1.1397
937.156	903.379	1.13967
937.156	1185.1	1.13964
937.156	1553.65	1.13958
937.156	2034.92	1.13952
937.156	2662.09	1.13944
937.156	3477.51	1.13935
937.156	4534.9	1.13923
937.156	5902.14	1.13908
937.156	7664.47	1.13889
937.156	9928.28	1.13866
937.156	12825.5	1.13837
937.156	16518.8	1.13802
937.156	21206.8	1.13759
937.156	27130.6	1.13709
937.156	34580.2	1.13647
937.156	43901.1	1.13571
937.156	55501.2	1.13483
937.156	69856.9	1.13378
937.156	87518	1.13255
937.156	109112	1.13112
937.156	135344	1.12948
937.156	166997	1.12759
937.156	204922	1.12546
937.156	250031	1.12306
937.156	303277	1.1204
937.156	365633	1.11746
937.156	438057	1.11425
937.156	521456	1.11078
937.156	616644	1.10706
937.156	724284	1.10311
937.156	844836	1.09897
937.156	978498	1.09467
937.156	1.12515e+06	1.09027
937.156	1.28429e+06	1.08581
937.156	1.45499e+06	1.08137
937.156	1.63588e+06	1.07702
937.156	1.82511e+06	1.07282
937.156	2.02032e+06	1.06885
937.156	2.21875e+06	1.06514
937.156	2.41718e+06	1.06175
937.156	2.6121e+06	1.0587
937.156	2.79972e+06	1.05599
937.156	2.97615e+06	1.05364
937.156	3.1375e+06	1.05163
937.156	3.28006e+06	1.04997
937.156	3.40038e+06	1.04863
937.156	3.49548e+06	1.04762
937.156	3.56294e+06	1.04693
937.156	3.60102e+06	1.04654
897.531	0.100249	1.57832
897.531	0.101321	1.57832
897.531	0.103276	1.57832
897.531	0.106164	1.57832
897.531	0.110059	1.57832
897.531	0.11506	1.57832
897.531	0.121298	1.57832
897.531	0.128942	1.57832
897.531	0.138203	1.57832
897.531	0.149347	1.57832
897.531	0.162704	1.57832
897.531	0.178684	1.57832
897.531	0.197797	1.57832
897.531	0.220676	1.57832
897.531	0.248111	1.57832
897.531	0.28109	1.57832
897.531	0.320847	1.57832
897.531	0.368933	1.57832
897.531	0.427302	1.57832
897.531	0.498424	1.57832
897.531	0.585427	1.57832
897.531	0.692292	1.57832
897.531	0.824094	1.57832
897.531	0.987329	1.57832
897.531	1.19033	1.57832
897.531	1.44382	1.57832
897.531	1.76165	1.57832
897.531	2.16172	1.57832
897.531	2.66728	1.57832
897.531	3.30853	1.57832
897.531	4.12487	1.57832
897.531	5.16771	1.57832
897.531	6.50436	1.57832
897.531	8.22302	1.57832
897.531	10.4395	1.57832
897.531	13.306	1.57832
897.531	17.0228	1.57831
897.531	21.8539	1.57831
897.531	28.147	1.57831
897.531	36.3608	1.5783
897.531	47.1005	1.5783
897.531	61.1643	1.57829
897.531	79.6049	1.57828
897.531	103.81	1.57827
897.531	135.608	1.57825
897.531	177.403	1.57822
897.531	232.356	1.57819
897.531	304.615	1.57815
897.531	399.611	1.5781
897.531	524.44	1.57803
897.531	688.354	1.57793
897.531	903.379	1.57781
897.531	1185.1	1.57764
897.531	1553.65	1.57742
897.531	2034.92	1.57715
897.531	2662.09	1.57681
897.531	3477.51	1.5764
897.531	4534.9	1.57589
897.531	5902.14	1.57524
897.531	7664.47	1.57442
897.531	9928.28	1.57343
897.531	12825.5	1.57221
897.531	16518.8	1.5707
897.531	21206.8	1.56888
897.531	27130.6	1.5667
897.531	34580.2	1.56403
897.531	43901.1	1.56082
897.531	55501.2	1.55703
897.531	69856.9	1.55254
897.531	87518	1.54728
897.531	109112	1.54118
897.531	135344	1.53414
897.531	166997	1.5261
897.531	204922	1.51699
897.531	250031	1.50677
897.531	303277	1.4954
897.531	365633	1.48288
897.531	438057	1.46921
897.531	521456	1.45444
897.531	616644	1.43862
897.531	724284	1.42186
897.531	844836	1.40429
897.531	978498	1.38608
897.531	1.12515e+06	1.36744
897.531	1.28429e+06	1.34864
897.531	1.45499e+06	1.32996
897.531	1.63588e+06	1.3117
897.531	1.82511e+06	1.29417
897.531	2.02032e+06	1.27763
897.531	2.21875e+06	1.26228
897.531	2.41718e+06	1.24828
897.531	2.6121e+06	1.23571
897.531	2.79972e+06	1.2246
897.531	2.97615e+06	1.21496
897.531	3.1375e+06	1.20675
897.531	3.28006e+06	1.19995
897.531	3.40038e+06	1.19452
897.531	3.49548e+06	1.19041
897.531	3.56294e+06	1.18759
897.531	3.60102e+06	1.18603
841.048	0.100249	2.22129
841.048	0.101321	2.22129
841.048	0.103276	2.22129
841.048	0.106164	2.22129
841.048	0.110059	2.22129
841.048	0.11506	2.22129
841.048	0.121298	2.22129
841.048	0.128942	2.22129
841.048	0.138203	2.22129
841.048	0.149347	2.22129
841.048	0.162704	2.22129
841.048	0.178684	2.22129
841.048	0.197797	2.22129
841.048	0.220676	2.22129
841.048	0.248111	2.22129
841.048	0.28109	2.22129
841.048	0.320847	2.22129
841.048	0.368933	2.22129
841.048	0.427302	2.22129
841.048	0.498424	2.22129
841.048	0.585427	2.22129
841.048	0.692292	2.22129
841.048	0.824094	2.22129
841.048	0.987329	2.22129
841.048	1.19033	2.22129
841.048	1.44382	2.22129
841.048	1.76165	2.22129
841.048	2.16172	2.22129
841.048	2.66728	2.22129
841.048	3.30853	2.22129
841.048	4.12487	2.22129
841.048	5.16771	2.22129
841.048	6.50436	2.22129
841.048	8.22302	2.22128
841.048	10.4395	2.22128
841.048	13.306	2.22128
841.048	17.0228	2.22127
841.048	21.8539	2.22127
841.048	28.147	2.22126
841.048	36.3608	2.22125
841.048	47.1005	2.22123
841.048	61.1643	2.22122
841.048	79.6049	2.22119
841.048	103.81	2.22116
841.048	135.608	2.22112
841.048	177.403	2.22106
841.048	232.356	2.22099
841.048	304.615	2.22089
841.048	399.611	2.22077
841.048	524.44	2.2206
841.048	688.354	2.22038
841.048	903.379	2.22009
841.048	1185.1	2.21972
841.048	1553.65	2.21926
841.048	2034.92	2.21866
841.048	2662.09	2.21792
841.048	3477.51	2.217
841.048	4534.9	2.21586
841.048	5902.14	2.2144
841.048	7664.47	2.21258
841.048	9928.28	2.21035
841.048	12825.5	2.20762
841.048	16518.8	2.20428
841.048	21206.8	2.20024
841.048	27130.6	2.19537
841.048	34580.2	2.18941
841.048	43901.1	2.18227
841.048	55501.2	2.17383
841.048	69856.9	2.16385
841.048	87518	2.15219
841.048	109112	2.13864
841.048	135344	2.12303
841.048	166997	2.10522
841.048	204922	2.08507
841.048	250031	2.06246
841.048	303277	2.03735
841.048	365633	2.00972
841.048	438057	1.97958
841.048	521456	1.94705
841.048	616644	1.91226
841.048	724284	1.87545
841.048	844836	1.83693
841.048	978498	1.7971
841.048	1.12515e+06	1.75648
841.048	1.28429e+06	1.71565
841.048	1.45499e+06	1.67529
841.048	1.63588e+06	1.63609
841.048	1.82511e+06	1.59868
841.048	2.02032e+06	1.56359
841.048	2.21875e+06	1.53124
841.048	2.41718e+06	1.50187
841.048	2.6121e+06	1.47562
841.048	2.79972e+06	1.45252
841.048	2.97615e+06	1.43253
841.048	3.1375e+06	1.41558
841.048	3.28006e+06	1.40157
841.048	3.40038e+06	1.39039
841.048	3.49548e+06	1.38194
841.048	3.56294e+06	1.37615
841.048	3.60102e+06	1.37295
784.565	0.100249	2.88252
784.565	0.101321	2.88252
784.565	0.103276	2.88252
784.565	0.106164	2.88252
784.565	0.110059	2.88252
784.565	0.11506	2.88252
784.565	0.121298	2.88252
784.565	0.128942	2.88252
784.565	0.138203	2.88252
784.565	0.149347	2.88252
784.565	0.162704	2.88252
784.565	0.178684	2.88252
784.565	0.197797	2.88252
784.565	0.220676	2.88252
784.565	0.248111	2.88252
784.565	0.28109	2.88252
784.565	0.320847	2.88252
784.565	0.368933	2.88252
784.565	0.427302	2.88252
784.565	0.498424	2.88252
784.565	0.585427	2.88252
784.565	0.692292	2.88252
784.565	0.824094	2.88252
784.565	0.987329	2.88252
784.565	1.19033	2.88252
784.565	1.44382	2.88252
784.565	1.76165	2.88252
784.565	2.16172	2.88251
784.565	2.66728	2.88251
784.565	3.30853	2.88251
784.565	4.12487	2.88251
784.565	5.16771	2.88251
784.565	6.50436	2.88251
784.565	8.22302	2.8825
784.565	10.4395	2.8825
784.565	13.306	2.88249
784.565	17.0228	2.88248
784.565	21.8539	2.88247
784.565	28.147	2.88246
784.565	36.3608	2.88244
784.565	47.1005	2.88242
784.565	61.1643	2.88239
784.565	79.6049	2.88234
784.565	103.81	2.88229
784.565	135.608	2.88222
784.565	177.403	2.88213
784.565	232.356	2.88201
784.565	304.615	2.88185
784.565	399.611	2.88164
784.565	524.44	2.88137
784.565	688.354	2.88101
784.565	903.379	2.88054
784.565	1185.1	2.87993
784.565	1553.65	2.87917
784.565	2034.92	2.8782
784.565	2662.09	2.87698
784.565	3477.51	2.87547
784.565	4534.9	2.8736
784.565	5902.14	2.87121
784.565	7664.47	2.86825
784.565	9928.28	2.86463
784.565	12825.5	2.86017
784.565	16518.8	2.85471
784.565	21206.8	2.84813
784.565	27130.6	2.84014
784.565	34580.2	2.83042
784.565	43901.1	2.81881
784.565	55501.2	2.80505
784.565	69856.9	2.78883
784.565	87518	2.76987
784.565	109112	2.74785
784.565	135344	2.72253
784.565	166997	2.69365
784.565	204922	2.66099
784.565	250031	2.62442
784.565	303277	2.58383
784.565	365633	2.5392
784.565	438057	2.49059
784.565	521456	2.43817
784.565	616644	2.38221
784.565	724284	2.3231
784.565	844836	2.26139
784.565	978498	2.19779
784.565	1.12515e+06	2.13319
784.565	1.28429e+06	2.06863
784.565	1.45499e+06	2.0052
784.565	1.63588e+06	1.94401
784.565	1.82511e+06	1.88602
784.565	2.02032e+06	1.832
784.565	2.21875e+06	1.78248
784.565	2.41718e+06	1.73777
784.565	2.6121e+06	1.69799
784.565	2.79972e+06	1.66311
784.565	2.97615e+06	1.63304
784.565	3.1375e+06	1.60762
784.565	3.28006e+06	1.58664
784.565	3.40038e+06	1.56994
784.565	3.49548e+06	1.55735
784.565	3.56294e+06	1.54872
784.565	3.60102e+06	1.54395
703.122	0.100249	3.85754
703.122	0.101321	3.85754
703.122	0.103276	3.85754
703.122	0.106164	3.85754
703.122	0.110059	3.85754
703.122	0.11506	3.85754
703.122	0.121298	3.85754
703.122	0.128942	3.85754
703.122	0.138203	3.85754
703.122	0.149347	3.85754
703.122	0.162704	3.85754
703.122	0.178684	3.85754
703.122	0.197797	3.85754
703.122	0.220676	3.85754
703.122	0.248111	3.85754
703.122	0.28109	3.85754
703.122	0.320847	3.85754
703.122	0.368933	3.85754
703.122	0.427302	3.85754
703.122	0.498424	3.85754
703.122	0.585427	3.85754
703.122	0.692292	3.85754
703.122	0.824094	3.85754
703.122	0.987329	3.85753
703.122	1.19033	3.85753
703.122	1.44382	3.85753
703.122	1.76165	3.85753
703.122	2.16172	3.85753
703.122	2.66728	3.85753
703.122	3.30853	3.85753
703.122	4.12487	3.85752
703.122	5.16771	3.85752
703.122	6.50436	3.85751
703.122	8.22302	3.85751
703.122	10.4395	3.8575
703.122	13.306	3.85749
703.122	17.0228	3.85747
703.122	21.8539	3.85746
703.122	28.147	3.85743
703.122	36.3608	3.8574
703.122	47.1005	3.85736
703.122	61.1643	3.85731
703.122	79.6049	3.85724
703.122	103.81	3.85714
703.122	135.608	3.85702
703.122	177.403	3.85686
703.122	232.356	3.85666
703.122	304.615	3.85639
703.122	399.611	3.85603
703.122	524.44	3.85557
703.122	688.354	3.85497
703.122	903.379	3.85418
703.122	1185.1	3.85318
703.122	1553.65	3.8519
703.122	2034.92	3.85029
703.122	2662.09	3.84827
703.122	3477.51	3.84576
703.122	4534.9	3.84261
703.122	5902.14	3.83865
703.122	7664.47	3.83377
703.122	9928.28	3.82775
703.122	12825.5	3.82034
703.122	16518.8	3.81132
703.122	21206.8	3.80037
703.122	27130.6	3.78707
703.122	34580.2	3.771
703.122	43901.1	3.75181
703.122	55501.2	3.72908
703.122	69856.9	3.70231
703.122	87518	3.67105
703.122	109112	3.63482
703.122	135344	3.59319
703.122	166997	3.54579
703.122	204922	3.49229
703.122	250031	3.43244
703.122	303277	3.36613
703.122	365633	3.29335
703.122	438057	3.21423
703.122	521456	3.12908
703.122	616644	3.03844
703.122	724284	2.94305
703.122	844836	2.84397
703.122	978498	2.74256
703.122	1.12515e+06	2.64043
703.122	1.28429e+06	2.53939
703.122	1.45499e+06	2.44123
703.122	1.63588e+06	2.34759
703.122	1.82511e+06	2.2598
703.122	2.02032e+06	2.1788
703.122	2.21875e+06	2.1052
703.122	2.41718e+06	2.03923
703.122	2.6121e+06	1.98092
703.122	2.79972e+06	1.93009
703.122	2.97615e+06	1.88648
703.122	3.1375e+06	1.84975
703.122	3.28006e+06	1.81955
703.122	3.40038e+06	1.79557
703.122	3.49548e+06	1.77753
703.122	3.56294e+06	1.76518
703.122	3.60102e+06	1.75837
618.283	0.100249	4.87369
618.283	0.101321	4.87369
618.283	0.103276	4.87369
618.283	0.106164	4.87369
618.283	0.110059	4.87368
618.283	0.11506	4.87368
618.283	0.121298	4.87368
618.283	0.128942	4.87368
618.283	0.138203	4.87368
618.283	0.149347	4.87368
618.283	0.162704	4.87368
618.283	0.178684	4.87368
618.283	0.197797	4.87368
618.283	0.220676	4.87368
618.283	0.248111	4.87368
618.283	0.28109	4.87368
618.283	0.320847	4.87368
618.283	0.368933	4.87368
618.283	0.427302	4.87368
618.283	0.498424	4.87368
618.283	0.585427	4.87368
618.283	0.692292	4.87368
618.283	0.824094	4.87368
618.283	0.987329	4.87368
618.283	1.19033	4.87368
618.283	1.44382	4.87368
618.283	1.76165	4.87367
618.283	2.16172	4.87367
618.283	2.66728	4.87367
618.283	3.30853	4.87367
618.283	4.12487	4.87366
618.283	5.16771	4.87365
618.283	6.50436	4.87365
618.283	8.22302	4.87364
618.283	10.4395	4.87362
618.283	13.306	4.87361
618.283	17.0228	4.87359
618.283	21.8539	4.87356
618.283	28.147	4.87352
618.283	36.3608	4.87347
618.283	47.1005	4.87341
618.283	61.1643	4.87333
618.283	79.6049	4.87322
618.283	103.81	4.87308
618.283	135.608	4.87289
618.283	177.403	4.87264
618.283	232.356	4.87232
618.283	304.615	4.8719
618.283	399.611	4.87136
618.283	524.44	4.87065
618.283	688.354	4.86973
618.283	903.379	4.86854
618.283	1185.1	4.86702
618.283	1553.65	4.8651
618.283	2034.92	4.86268
618.283	2662.09	4.85967
618.283	3477.51	4.85589
618.283	4534.9	4.85116
618.283	5902.14	4.84524
618.283	7664.47	4.83791
618.283	9928.28	4.82887
618.283	12825.5	4.81778
618.283	16518.8	4.80425
618.283	21206.8	4.78779
618.283	27130.6	4.76788
618.283	34580.2	4.74387
618.283	43901.1	4.71523
618.283	55501.2	4.68133
618.283	69856.9	4.64147
618.283	87518	4.59498
618.283	109112	4.54119
618.283	135344	4.47948
618.283	166997	4.40932
618.283	204922	4.33025
618.283	250031	4.24197
618.283	303277	4.14433
618.283	365633	4.03738
618.283	438057	3.92142
618.283	521456	3.79705
618.283	616644	3.66525
618.283	724284	3.52745
618.283	844836	3.38554
618.283	978498	3.24184
618.283	1.12515e+06	3.09893
618.283	1.28429e+06	2.95939
618.283	1.45499e+06	2.82562
618.283	1.63588e+06	2.69957
618.283	1.82511e+06	2.5827
618.283	2.02032e+06	2.47594
618.283	2.21875e+06	2.37974
618.283	2.41718e+06	2.29417
618.283	2.6121e+06	2.21902
618.283	2.79972e+06	2.15388
618.283	2.97615e+06	2.09824
618.283	3.1375e+06	2.05156
618.283	3.28006e+06	2.01331
618.283	3.40038e+06	1.98301
618.283	3.49548e+06	1.96024
618.283	3.56294e+06	1.94469
618.283	3.60102e+06	1.93612
533.443	0.100249	5.83709
533.443	0.101321	5.83709
533.443	0.103276	5.83709
533.443	0.106164	5.83709
533.443	0.110059	5.83709
533.443	0.11506	5.83709
533.443	0.121298	5.83709
533.443	0.128942	5.83709
533.443	0.138203	5.83709
533.443	0.149347	5.83709
533.443	0.162704	5.83709
533.443	0.178684	5.83709
533.443	0.197797	5.83709
533.443	0.220676	5.83708
533.443	0.248111	5.83708
533.443	0.28109	5.83708
533.443	0.320847	5.83708
533.443	0.368933	5.83708
533.443	0.427302	5.83708
533.443	0.498424	5.83708
533.443	0.585427	5.83708
533.443	0.692292	5.83708
533.443	0.824094	5.83708
533.443	0.987329	5.83708
533.443	1.19033	5.83708
533.443	1.44382	5.83707
533.443	1.76165	5.83707
533.443	2.16172	5.83707
533.443	2.66728	5.83706
533.443	3.30853	5.83706
533.443	4.12487	5.83705
533.443	5.16771	5.83704
533.443	6.50436	5.83703
533.443	8.22302	5.83702
533.443	10.4395	5.837
533.443	13.306	5.83698
533.443	17.0228	5.83695
533.443	21.8539	5.83691
533.443	28.147	5.83685
533.443	36.3608	5.83678
533.443	47.1005	5.83669
533.443	61.1643	5.83657
533.443	79.6049	5.83642
533.443	103.81	5.83621
533.443	135.608	5.83594
533.443	177.403	5.83559
533.443	232.356	5.83513
533.443	304.615	5.83454
533.443	399.611	5.83377
533.443	524.44	5.83277
533.443	688.354	5.83148
533.443	903.379	5.82982
533.443	1185.1	5.8277
533.443	1553.65	5.82502
533.443	2034.92	5.82166
533.443	2662.09	5.81745
533.443	3477.51	5.81218
533.443	4534.9	5.80559
533.443	5902.14	5.79735
533.443	7664.47	5.78716
533.443	9928.28	5.77461
533.443	12825.5	5.75919
533.443	16518.8	5.74037
533.443	21206.8	5.71752
533.443	27130.6	5.68989
533.443	34580.2	5.65665
533.443	43901.1	5.61705
533.443	55501.2	5.57022
533.443	69856.9	5.51522
533.443	87518	5.45116
533.443	109112	5.37714
533.443	135344	5.29236
533.443	166997	5.19611
533.443	204922	5.08782
533.443	250031	4.96714
533.443	303277	4.83396
533.443	365633	4.68851
533.443	438057	4.53146
533.443	521456	4.364
533.443	616644	4.18796
533.443	724284	4.00586
533.443	844836	3.82075
533.443	978498	3.63599
533.443	1.12515e+06	3.45494
533.443	1.28429e+06	3.28067
533.443	1.45499e+06	3.11576
533.443	1.63588e+06	2.96218
533.443	1.82511e+06	2.82125
533.443	2.02032e+06	2.69366
533.443	2.21875e+06	2.57957
533.443	2.41718e+06	2.47877
533.443	2.6121e+06	2.39071
533.443	2.79972e+06	2.31473
533.443	2.97615e+06	2.25007
533.443	3.1375e+06	2.19597
533.443	3.28006e+06	2.15175
533.443	3.40038e+06	2.11677
533.443	3.49548e+06	2.09053
533.443	3.56294e+06	2.07261
533.443	3.60102e+06	2.06275
483.787	0.100249	6.34262
483.787	0.101321	6.34262
483.787	0.103276	6.34262
483.787	0.106164	6.34262
483.787	0.110059	6.34262
483.787	0.11506	6.34262
483.787	0.121298	6.34262
483.787	0.128942	6.34262
483.787	0.138203	6.34262
483.787	0.149347	6.34261
483.787	0.162704	6.34261
483.787	0.178684	6.34261
483.787	0.197797	6.34261
483.787	0.220676	6.34261
483.787	0.248111	6.34261
483.787	0.28109	6.34261
483.787	0.320847	6.34261
483.787	0.368933	6.34261
483.787	0.427302	6.34261
483.787	0.498424	6.34261
483.787	0.585427	6.34261
483.787	0.692292	6.34261
483.787	0.824094	6.34261
483.787	0.987329	6.34261
483.787	1.19033	6.3426
483.787	1.44382	6.3426
483.787	1.76165	6.3426
483.787	2.16172	6.34259
483.787	2.66728	6.34259
483.787	3.30853	6.34258
483.787	4.12487	6.34258
483.787	5.16771	6.34256
483.787	6.50436	6.34255
483.787	8.22302	6.34253
483.787	10.4395	6.34251
483.787	13.306	6.34248
483.787	17.0228	6.34245
483.787	21.8539	6.3424
483.787	28.147	6.34234
483.787	36.3608	6.34225
483.787	47.1005	6.34214
483.787	61.1643	6.342
483.787	79.6049	6.34182
483.787	103.81	6.34157
483.787	135.608	6.34125
483.787	177.403	6.34083
483.787	232.356	6.34028
483.787	304.615	6.33958
483.787	399.611	6.33867
483.787	524.44	6.33749
483.787	688.354	6.33596
483.787	903.379	6.334
483.787	1185.1	6.33149
483.787	1553.65	6.32834
483.787	2034.92	6.32437
483.787	2662.09	6.3194
483.787	3477.51	6.3132
483.787	4534.9	6.30544
483.787	5902.14	6.29573
483.787	7664.47	6.28373
483.787	9928.28	6.26896
483.787	12825.5	6.25081
483.787	16518.8	6.22866
483.787	21206.8	6.20179
483.787	27130.6	6.16929
483.787	34580.2	6.13026
483.787	43901.1	6.08377
483.787	55501.2	6.02882
483.787	69856.9	5.96433
483.787	87518	5.88926
483.787	109112	5.80257
483.787	135344	5.70335
483.787	166997	5.5908
483.787	204922	5.46429
483.787	250031	5.32349
483.787	303277	5.16839
483.787	365633	4.99945
483.787	438057	4.81772
483.787	521456	4.625
483.787	616644	4.42384
483.787	724284	4.21751
483.787	844836	4.00967
483.787	978498	3.80411
483.787	1.12515e+06	3.6044
483.787	1.28429e+06	3.41367
483.787	1.45499e+06	3.23444
483.787	1.63588e+06	3.06854
483.787	1.82511e+06	2.9171
483.787	2.02032e+06	2.7806
483.787	2.21875e+06	2.65899
483.787	2.41718e+06	2.55185
483.787	2.6121e+06	2.45849
483.787	2.79972e+06	2.37808
483.787	2.97615e+06	2.30975
483.787	3.1375e+06	2.25266
483.787	3.28006e+06	2.20602
483.787	3.40038e+06	2.16916
483.787	3.49548e+06	2.14152
483.787	3.56294e+06	2.12266
483.787	3.60102e+06	2.11228
422.569	0.100249	6.86508
422.569	0.101321	6.86508
422.569	0.103276	6.86508
422.569	0.106164	6.86508
422.569	0.110059	6.86508
422.569	0.11506	6.86508
422.569	0.121298	6.86508
422.569	0.128942	6.86508
422.569	0.138203	6.86508
422.569	0.149347	6.86508
422.569	0.162704	6.86508
422.569	0.178684	6.86508
422.569	0.197797	6.86508
422.569	0.220676	6.86508
422.569	0.248111	6.86508
422.569	0.28109	6.86507
422.569	0.320847	6.86507
422.569	0.368933	6.86507
422.569	0.427302	6.86507
422.569	0.498424	6.86507
422.569	0.585427	6.86507
422.569	0.692292	6.86507
422.569	0.824094	6.86507
422.569	0.987329	6.86507
422.569	1.19033	6.86506
422.569	1.44382	6.86506
422.569	1.76165	6.86506
422.569	2.16172	6.86505
422.569	2.66728	6.86505
422.569	3.30853	6.86504
422.569	4.12487	6.86503
422.569	5.16771	6.86502
422.569	6.50436	6.865
422.569	8.22302	6.86498
422.569	10.4395	6.86495
422.569	13.306	6.86492
422.569	17.0228	6.86487
422.569	21.8539	6.86481
422.569	28.147	6.86474
422.569	36.3608	6.86464
422.569	47.1005	6.86451
422.569	61.1643	6.86434
422.569	79.6049	6.86411
422.569	103.81	6.86382
422.569	135.608	6.86344
422.569	177.403	6.86294
422.569	232.356	6.86228
422.569	304.615	6.86144
422.569	399.611	6.86035
422.569	524.44	6.85895
422.569	688.354	6.85713
422.569	903.379	6.85479
422.569	1185.1	6.85183
422.569	1553.65	6.84808
422.569	2034.92	6.84338
422.569	2662.09	6.8375
422.569	3477.51	6.83016
422.569	4534.9	6.82095
422.569	5902.14	6.80947
422.569	7664.47	6.79526
422.569	9928.28	6.77775
422.569	12825.5	6.75627
422.569	16518.8	6.73006
422.569	21206.8	6.69825
422.569	27130.6	6.65983
422.569	34580.2	6.61369
422.569	43901.1	6.55875
422.569	55501.2	6.49384
422.569	69856.9	6.41768
422.569	87518	6.32907
422.569	109112	6.22679
422.569	135344	6.1098
422.569	166997	5.97721
422.569	204922	5.82838
422.569	250031	5.6631
422.569	303277	5.48164
422.569	365633	5.28498
422.569	438057	5.07494
422.569	521456	4.85426
422.569	616644	4.62641
422.569	724284	4.39537
422.569	844836	4.16525
422.569	978498	3.94003
422.569	1.12515e+06	3.72329
422.569	1.28429e+06	3.51803
422.569	1.45499e+06	3.32654
422.569	1.63588e+06	3.15037
422.569	1.82511e+06	2.99034
422.569	2.02032e+06	2.84668
422.569	2.21875e+06	2.71911
422.569	2.41718e+06	2.60698
422.569	2.6121e+06	2.50948
422.569	2.79972e+06	2.42562
422.569	2.97615e+06	2.35446
422.569	3.1375e+06	2.29506
422.569	3.28006e+06	2.24657
422.569	3.40038e+06	2.20826
422.569	3.49548e+06	2.17955
422.569	3.56294e+06	2.15997
422.569	3.60102e+06	2.14919
361.35	0.100249	7.23584
361.35	0.101321	7.23584
361.35	0.103276	7.23584
361.35	0.106164	7.23584
361.35	0.110059	7.23584
361.35	0.11506	7.23584
361.35	0.121298	7.23584
361.35	0.128942	7.23584
361.35	0.138203	7.23583
361.35	0.149347	7.23583
361.35	0.162704	7.23583
361.35	0.178684	7.23583
361.35	0.197797	7.23583
361.35	0.220676	7.23583
361.35	0.248111	7.23583
361.35	0.28109	7.23583
361.35	0.320847	7.23583
361.35	0.368933	7.23583
361.35	0.427302	7.23583
361.35	0.498424	7.23583
361.35	0.585427	7.23583
361.35	0.692292	7.23583
361.35	0.824094	7.23582
361.35	0.987329	7.23582
361.35	1.19033	7.23582
361.35	1.44382	7.23582
361.35	1.76165	7.23581
361.35	2.16172	7.23581
361.35	2.66728	7.2358
361.35	3.30853	7.23579
361.35	4.12487	7.23578
361.35	5.16771	7.23576
361.35	6.50436	7.23575
361.35	8.22302	7.23572
361.35	10.4395	7.23569
361.35	13.306	7.23565
361.35	17.0228	7.2356
361.35	21.8539	7.23553
361.35	28.147	7.23544
361.35	36.3608	7.23533
361.35	47.1005	7.23518
361.35	61.1643	7.23498
361.35	79.6049	7.23473
361.35	103.81	7.23439
361.35	135.608	7.23396
361.35	177.403	7.23339
361.35	232.356	7.23264
361.35	304.615	7.23168
361.35	399.611	7.23044
361.35	524.44	7.22884
361.35	688.354	7.22678
361.35	903.379	7.22413
361.35	1185.1	7.22076
361.35	1553.65	7.21653
361.35	2034.92	7.2112
361.35	2662.09	7.20453
361.35	3477.51	7.19619
361.35	4534.9	7.18574
361.35	5902.14	7.17271
361.35	7664.47	7.15658
361.35	9928.28	7.1367
361.35	12825.5	7.11229
361.35	16518.8	7.08249
361.35	21206.8	7.04633
361.35	27130.6	7.00262
361.35	34580.2	6.95011
361.35	43901.1	6.88757
361.35	55501.2	6.81364
361.35	69856.9	6.72686
361.35	87518	6.62587
361.35	109112	6.50931
361.35	135344	6.37605
361.35	166997	6.22521
361.35	204922	6.05627
361.35	250031	5.86934
361.35	303277	5.66528
361.35	365633	5.44589
361.35	438057	5.21389
361.35	521456	4.97282
361.35	616644	4.72668
361.35	724284	4.47973
361.35	844836	4.23614
361.35	978498	3.99975
361.35	1.12515e+06	3.77391
361.35	1.28429e+06	3.5613
361.35	1.45499e+06	3.3639
361.35	1.63588e+06	3.18296
361.35	1.82511e+06	3.01908
361.35	2.02032e+06	2.87229
361.35	2.21875e+06	2.74215
361.35	2.41718e+06	2.62793
361.35	2.6121e+06	2.52871
361.35	2.79972e+06	2.44345
361.35	2.97615e+06	2.37114
361.35	3.1375e+06	2.31081
361.35	3.28006e+06	2.26158
361.35	3.40038e+06	2.22271
361.35	3.49548e+06	2.19358
361.35	3.56294e+06	2.17371
361.35	3.60102e+06	2.16277
331.485	0.100249	7.35524
331.485	0.101321	7.35524
331.485	0.103276	7.35524
331.485	0.106164	7.35524
331.485	0.110059	7.35524
331.485	0.11506	7.35524
331.485	0.121298	7.35524
331.485	0.128942	7.35524
331.485	0.138203	7.35524
331.485	0.149347	7.35524
331.485	0.162704	7.35524
331.485	0.178684	7.35524
331.485	0.197797	7.35524
331.485	0.220676	7.35524
331.485	0.248111	7.35523
331.485	0.28109	7.35523
331.485	0.320847	7.35523
331.485	0.368933	7.35523
331.485	0.427302	7.35523
331.485	0.498424	7.35523
331.485	0.585427	7.35523
331.485	0.692292	7.35523
331.485	0.824094	7.35523
331.485	0.987329	7.35522
331.485	1.19033	7.35522
331.485	1.44382	7.35522
331.485	1.76165	7.35521
331.485	2.16172	7.35521
331.485	2.66728	7.3552
331.485	3.30853	7.35519
331.485	4.12487	7.35518
331.485	5.16771	7.35516
331.485	6.50436	7.35514
331.485	8.22302	7.35512
331.485	10.4395	7.35509
331.485	13.306	7.35504
331.485	17.0228	7.35499
331.485	21.8539	7.35492
331.485	28.147	7.35483
331.485	36.3608	7.35471
331.485	47.1005	7.35455
331.485	61.1643	7.35435
331.485	79.6049	7.35408
331.485	103.81	7.35373
331.485	135.608	7.35327
331.485	177.403	7.35268
331.485	232.356	7.3519
331.485	304.615	7.3509
331.485	399.611	7.3496
331.485	524.44	7.34793
331.485	688.354	7.34578
331.485	903.379	7.34302
331.485	1185.1	7.33951
331.485	1553.65	7.33509
331.485	2034.92	7.32953
331.485	2662.09	7.32257
331.485	3477.51	7.31385
331.485	4534.9	7.30293
331.485	5902.14	7.2893
331.485	7664.47	7.27242
331.485	9928.28	7.25161
331.485	12825.5	7.22604
331.485	16518.8	7.1948
331.485	21206.8	7.15685
331.485	27130.6	7.11096
331.485	34580.2	7.05581
331.485	43901.1	6.99007
331.485	55501.2	6.9123
331.485	69856.9	6.82098
331.485	87518	6.71466
331.485	109112	6.59198
331.485	135344	6.45178
331.485	166997	6.29324
331.485	204922	6.11602
331.485	250031	5.92048
331.485	303277	5.70788
331.485	365633	5.48042
331.485	438057	5.24115
331.485	521456	4.99382
331.485	616644	4.74252
331.485	724284	4.49146
331.485	844836	4.24473
331.485	978498	4.00602
331.485	1.12515e+06	3.77849
331.485	1.28429e+06	3.56466
331.485	1.45499e+06	3.36638
331.485	1.63588e+06	3.1848
331.485	1.82511e+06	3.02046
331.485	2.02032e+06	2.87333
331.485	2.21875e+06	2.74294
331.485	2.41718e+06	2.62855
331.485	2.6121e+06	2.52919
331.485	2.79972e+06	2.44383
331.485	2.97615e+06	2.37145
331.485	3.1375e+06	2.31106
331.485	3.28006e+06	2.2618
331.485	3.40038e+06	2.2229
331.485	3.49548e+06	2.19374
331.485	3.56294e+06	2.17386
331.485	3.60102e+06	2.16291
299.459	0.100249	7.44378
299.459	0.101321	7.44378
299.459	0.103276	7.44378
299.459	0.106164	7.44378
299.459	0.110059	7.44378
299.459	0.11506	7.44378
299.459	0.121298	7.44378
299.459	0.128942	7.44378
299.459	0.138203	7.44378
299.459	0.149347	7.44378
299.459	0.162704	7.44378
299.459	0.178684	7.44378
299.459	0.197797	7.44378
299.459	0.220676	7.44378
299.459	0.248111	7.44378
299.459	0.28109	7.44378
299.459	0.320847	7.44378
299.459	0.368933	7.44378
299.459	0.427302	7.44377
299.459	0.498424	7.44377
299.459	0.585427	7.44377
299.459	0.692292	7.44377
299.459	0.824094	7.44377
299.459	0.987329	7.44377
299.459	1.19033	7.44376
299.459	1.44382	7.44376
299.459	1.76165	7.44375
299.459	2.16172	7.44375
299.459	2.66728	7.44374
299.459	3.30853	7.44373
299.459	4.12487	7.44372
299.459	5.16771	7.4437
299.459	6.50436	7.44368
299.459	8.22302	7.44366
299.459	10.4395	7.44362
299.459	13.306	7.44358
299.459	17.0228	7.44353
299.459	21.8539	7.44345
299.459	28.147	7.44336
299.459	36.3608	7.44323
299.459	47.1005	7.44307
299.459	61.1643	7.44286
299.459	79.6049	7.44259
299.459	103.81	7.44223
299.459	135.608	7.44176
299.459	177.403	7.44114
299.459	232.356	7.44034
299.459	304.615	7.43931
299.459	399.611	7.43798
299.459	524.44	7.43626
299.459	688.354	7.43404
299.459	903.379	7.43119
299.459	1185.1	7.42758
299.459	1553.65	7.42301
299.459	2034.92	7.41726
299.459	2662.09	7.41006
299.459	3477.51	7.40103
299.459	4534.9	7.38971
299.459	5902.14	7.37556
299.459	7664.47	7.35802
299.459	9928.28	7.33637
299.459	12825.5	7.30973
299.459	16518.8	7.27715
299.459	21206.8	7.23751
299.459	27130.6	7.18953
299.459	34580.2	7.13179
299.459	43901.1	7.0629
299.459	55501.2	6.98133
299.459	69856.9	6.88552
299.459	87518	6.77396
299.459	109112	6.64529
299.459	135344	6.4984
299.459	166997	6.33263
299.459	204922	6.14788
299.459	250031	5.94489
299.459	303277	5.7253
299.459	365633	5.49167
299.459	438057	5.24727
299.459	521456	4.99591
299.459	616644	4.74166
299.459	724284	4.48862
299.459	844836	4.24066
299.459	978498	4.00128
299.459	1.12515e+06	3.77346
299.459	1.28429e+06	3.55958
299.459	1.45499e+06	3.3614
299.459	1.63588e+06	3.18001
299.459	1.82511e+06	3.01588
299.459	2.02032e+06	2.86899
299.459	2.21875e+06	2.73884
299.459	2.41718e+06	2.62466
299.459	2.6121e+06	2.5255
299.459	2.79972e+06	2.44033
299.459	2.97615e+06	2.3681
299.459	3.1375e+06	2.30785
299.459	3.28006e+06	2.2587
299.459	3.40038e+06	2.21988
299.459	3.49548e+06	2.19079
299.459	3.56294e+06	2.17095
299.459	3.60102e+06	2.16003
269.782	0.100249	7.50134
269.782	0.101321	7.50134
269.782	0.103276	7.50134
269.782	0.106164	7.50134
269.782	0.110059	7.50134
269.782	0.11506	7.50134
269.782	0.121298	7.50134
269.782	0.128942	7.50134
269.782	0.138203	7.50134
269.782	0.149347	7.50134
269.782	0.162704	7.50134
269.782	0.178684	7.50134
269.782	0.197797	7.50134
269.782	0.220676	7.50134
269.782	0.248111	7.50134
269.782	0.28109	7.50134
269.782	0.320847	7.50134
269.782	0.368933	7.50134
269.782	0.427302	7.50134
269.782	0.498424	7.50133
269.782	0.585427	7.50133
269.782	0.692292	7.50133
269.782	0.824094	7.50133
269.782	0.987329	7.50133
269.782	1.19033	7.50132
269.782	1.44382	7.50132
269.782	1.76165	7.50132
269.782	2.16172	7.50131
269.782	2.66728	7.5013
269.782	3.30853	7.50129
269.782	4.12487	7.50128
269.782	5.16771	7.50126
269.782	6.50436	7.50124
269.782	8.22302	7.50122
269.782	10.4395	7.50118
269.782	13.306	7.50114
269.782	17.0228	7.50108
269.782	21.8539	7.50101
269.782	28.147	7.50091
269.782	36.3608	7.50079
269.782	47.1005	7.50063
269.782	61.1643	7.50042
269.782	79.6049	7.50014
269.782	103.81	7.49978
269.782	135.608	7.4993
269.782	177.403	7.49868
269.782	232.356	7.49787
269.782	304.615	7.49682
269.782	399.611	7.49547
269.782	524.44	7.49372
269.782	688.354	7.49146
269.782	903.379	7.48856
269.782	1185.1	7.48488
269.782	1553.65	7.48022
269.782	2034.92	7.47434
269.782	2662.09	7.46695
269.782	3477.51	7.45769
269.782	4534.9	7.44605
269.782	5902.14	7.43148
269.782	7664.47	7.41339
269.782	9928.28	7.39101
269.782	12825.5	7.36342
269.782	16518.8	7.32961
269.782	21206.8	7.28842
269.782	27130.6	7.23847
269.782	34580.2	7.17829
269.782	43901.1	7.10643
269.782	55501.2	7.0213
269.782	69856.9	6.92131
269.782	87518	6.80497
269.782	109112	6.67096
269.782	135344	6.51831
269.782	166997	6.34657
269.782	204922	6.15595
269.782	250031	5.94754
269.782	303277	5.7233
269.782	365633	5.48596
269.782	438057	5.23889
269.782	521456	4.98584
269.782	616644	4.73075
269.782	724284	4.4775
269.782	844836	4.22978
269.782	978498	3.99088
269.782	1.12515e+06	3.76368
269.782	1.28429e+06	3.55047
269.782	1.45499e+06	3.35296
269.782	1.63588e+06	3.1722
269.782	1.82511e+06	3.00867
269.782	2.02032e+06	2.86231
269.782	2.21875e+06	2.73263
269.782	2.41718e+06	2.61887
269.782	2.6121e+06	2.52008
269.782	2.79972e+06	2.43522
269.782	2.97615e+06	2.36326
269.782	3.1375e+06	2.30322
269.782	3.28006e+06	2.25424
269.782	3.40038e+06	2.21557
269.782	3.49548e+06	2.18658
269.782	3.56294e+06	2.16682
269.782	3.60102e+06	2.15594
240.104	0.100249	7.55326
240.104	0.101321	7.55326
240.104	0.103276	7.55326
240.104	0.106164	7.55326
240.104	0.110059	7.55326
240.104	0.11506	7.55326
240.104	0.121298	7.55326
240.104	0.128942	7.55326
240.104	0.138203	7.55326
240.104	0.149347	7.55326
240.104	0.162704	7.55326
240.104	0.178684	7.55326
240.104	0.197797	7.55326
240.104	0.220676	7.55326
240.104	0.248111	7.55326
240.104	0.28109	7.55326
240.104	0.320847	7.55326
240.104	0.368933	7.55326
240.104	0.427302	7.55326
240.104	0.498424	7.55326
240.104	0.585427	7.55326
240.104	0.692292	7.55325
240.104	0.824094	7.55325
240.104	0.987329	7.55325
240.104	1.19033	7.55325
240.104	1.44382	7.55324
240.104	1.76165	7.55324
240.104	2.16172	7.55323
240.104	2.66728	7.55322
240.104	3.30853	7.55321
240.104	4.12487	7.5532
240.104	5.16771	7.55319
240.104	6.50436	7.55317
240.104	8.22302	7.55314
240.104	10.4395	7.55311
240.104	13.306	7.55306
240.104	17.0228	7.55301
240.104	21.8539	7.55293
240.104	28.147	7.55284
240.104	36.3608	7.55272
240.104	47.1005	7.55256
240.104	61.1643	7.55234
240.104	79.6049	7.55207
240.104	103.81	7.55171
240.104	135.608	7.55123
240.104	177.403	7.55061
240.104	232.356	7.54979
240.104	304.615	7.54874
240.104	399.611	7.54738
240.104	524.44	7.54561
240.104	688.354	7.54333
240.104	903.379	7.54038
240.104	1185.1	7.53663
240.104	1553.65	7.53188
240.104	2034.92	7.52587
240.104	2662.09	7.5183
240.104	3477.51	7.50878
240.104	4534.9	7.49678
240.104	5902.14	7.48172
240.104	7664.47	7.46297
240.104	9928.28	7.4397
240.104	12825.5	7.41095
240.104	16518.8	7.37563
240.104	21206.8	7.3325
240.104	27130.6	7.28013
240.104	34580.2	7.21699
240.104	43901.1	7.14155
240.104	55501.2	7.05223
240.104	69856.9	6.94744
240.104	87518	6.82578
240.104	109112	6.68605
240.104	135344	6.52752
240.104	166997	6.35001
240.104	204922	6.1541
240.104	250031	5.94118
240.104	303277	5.71344
240.104	365633	5.47369
240.104	438057	5.22525
240.104	521456	4.97172
240.104	616644	4.71679
240.104	724284	4.46413
240.104	844836	4.21722
240.104	978498	3.97924
240.104	1.12515e+06	3.75296
240.104	1.28429e+06	3.54066
240.104	1.45499e+06	3.34398
240.104	1.63588e+06	3.16398
240.104	1.82511e+06	3.00113
240.104	2.02032e+06	2.85537
240.104	2.21875e+06	2.72622
240.104	2.41718e+06	2.61291
240.104	2.6121e+06	2.51451
240.104	2.79972e+06	2.42998
240.104	2.97615e+06	2.3583
240.104	3.1375e+06	2.2985
240.104	3.28006e+06	2.24971
240.104	3.40038e+06	2.21118
240.104	3.49548e+06	2.18231
240.104	3.56294e+06	2.16261
240.104	3.60102e+06	2.15177
210.427	0.100249	7.61936
210.427	0.101321	7.61936
210.427	0.103276	7.61936
210.427	0.106164	7.61936
210.427	0.110059	7.61936
210.427	0.11506	7.61936
210.427	0.121298	7.61936
210.427	0.128942	7.61936
210.427	0.138203	7.61936
210.427	0.149347	7.61936
210.427	0.162704	7.61936
210.427	0.178684	7.61936
210.427	0.197797	7.61936
210.427	0.220676	7.61936
210.427	0.248111	7.61936
210.427	0.28109	7.61936
210.427	0.320847	7.61936
210.427	0.368933	7.61936
210.427	0.427302	7.61936
210.427	0.498424	7.61936
210.427	0.585427	7.61935
210.427	0.692292	7.61935
210.427	0.824094	7.61935
210.427	0.987329	7.61935
210.427	1.19033	7.61934
210.427	1.44382	7.61934
210.427	1.76165	7.61934
210.427	2.16172	7.61933
210.427	2.66728	7.61932
210.427	3.30853	7.61931
210.427	4.12487	7.6193
210.427	5.16771	7.61929
210.427	6.50436	7.61927
210.427	8.22302	7.61924
210.427	10.4395	7.61921
210.427	13.306	7.61916
210.427	17.0228	7.61911
210.427	21.8539	7.61904
210.427	28.147	7.61894
210.427	36.3608	7.61882
210.427	47.1005	7.61867
210.427	61.1643	7.61846
210.427	79.6049	7.61819
210.427	103.81	7.61783
210.427	135.608	7.61735
210.427	177.403	7.61673
210.427	232.356	7.61591
210.427	304.615	7.61485
210.427	399.611	7.61347
210.427	524.44	7.61168
210.427	688.354	7.60936
210.427	903.379	7.60636
210.427	1185.1	7.60252
210.427	1553.65	7.59763
210.427	2034.92	7.59143
210.427	2662.09	7.58359
210.427	3477.51	7.57368
210.427	4534.9	7.56115
210.427	5902.14	7.54536
210.427	7664.47	7.52562
210.427	9928.28	7.50105
210.427	12825.5	7.47058
210.427	16518.8	7.43306
210.427	21206.8	7.38718
210.427	27130.6	7.33139
210.427	34580.2	7.26413
210.427	43901.1	7.18386
210.427	55501.2	7.08902
210.427	69856.9	6.97809
210.427	87518	6.84983
210.427	109112	6.70329
210.427	135344	6.53804
210.427	166997	6.35428
210.427	204922	6.15297
210.427	250031	5.93575
210.427	303277	5.70491
210.427	365633	5.46325
210.427	438057	5.21389
210.427	521456	4.96017
210.427	616644	4.70554
210.427	724284	4.45346
210.427	844836	4.20728
210.427	978498	3.97008
210.427	1.12515e+06	3.74458
210.427	1.28429e+06	3.533
210.427	1.45499e+06	3.33699
210.427	1.63588e+06	3.1576
210.427	1.82511e+06	2.99529
210.427	2.02032e+06	2.85
210.427	2.21875e+06	2.72127
210.427	2.41718e+06	2.60832
210.427	2.6121e+06	2.51022
210.427	2.79972e+06	2.42595
210.427	2.97615e+06	2.35449
210.427	3.1375e+06	2.29487
210.427	3.28006e+06	2.24622
210.427	3.40038e+06	2.20781
210.427	3.49548e+06	2.17902
210.427	3.56294e+06	2.15939
210.427	3.60102e+06	2.14858
180.75	0.100249	7.71448
180.75	0.101321	7.71448
180.75	0.103276	7.71448
180.75	0.106164	7.71448
180.75	0.110059	7.71448
180.75	0.11506	7.71448
180.75	0.121298	7.71448
180.75	0.128942	7.71448
180.75	0.138203	7.71448
180.75	0.149347	7.71448
180.75	0.162704	7.71448
180.75	0.178684	7.71448
180.75	0.197797	7.71448
180.75	0.220676	7.71448
180.75	0.248111	7.71448
180.75	0.28109	7.71447
180.75	0.320847	7.71447
180.75	0.368933	7.71447
180.75	0.427302	7.71447
180.75	0.498424	7.71447
180.75	0.585427	7.71447
180.75	0.692292	7.71447
180.75	0.824094	7.71447
180.75	0.987329	7.71446
180.75	1.19033	7.71446
180.75	1.44382	7.71446
180.75	1.76165	7.71445
180.75	2.16172	7.71445
180.75	2.66728	7.71444
180.75	3.30853	7.71443
180.75	4.12487	7.71442
180.75	5.16771	7.7144
180.75	6.50436	7.71438
180.75	8.22302	7.71436
180.75	10.4395	7.71433
180.75	13.306	7.71428
180.75	17.0228	7.71423
180.75	21.8539	7.71416
180.75	28.147	7.71407
180.75	36.3608	7.71395
180.75	47.1005	7.7138
180.75	61.1643	7.7136
180.75	79.6049	7.71333
180.75	103.81	7.71297
180.75	135.608	7.71249
180.75	177.403	7.71186
180.75	232.356	7.71104
180.75	304.615	7.70996
180.75	399.611	7.70856
180.75	524.44	7.70672
180.75	688.354	7.70433
180.75	903.379	7.70123
180.75	1185.1	7.69724
180.75	1553.65	7.69214
180.75	2034.92	7.68563
180.75	2662.09	7.67735
180.75	3477.51	7.66684
180.75	4534.9	7.65348
180.75	5902.14	7.63657
180.75	7664.47	7.61534
180.75	9928.28	7.5888
180.75	12825.5	7.55581
180.75	16518.8	7.51508
180.75	21206.8	7.46521
180.75	27130.6	7.40459
180.75	34580.2	7.33159
180.75	43901.1	7.2447
180.75	55501.2	7.14244
180.75	69856.9	7.02345
180.75	87518	6.88675
180.75	109112	6.73173
180.75	135344	6.55842
180.75	166997	6.36746
180.75	204922	6.16014
180.75	250031	5.93828
180.75	303277	5.70416
180.75	365633	5.46036
180.75	438057	5.20974
180.75	521456	4.95539
180.75	616644	4.70054
180.75	724284	4.44851
180.75	844836	4.20252
180.75	978498	3.9656
180.75	1.12515e+06	3.74042
180.75	1.28429e+06	3.52917
180.75	1.45499e+06	3.33347
180.75	1.63588e+06	3.15437
180.75	1.82511e+06	2.99231
180.75	2.02032e+06	2.84726
180.75	2.21875e+06	2.71872
180.75	2.41718e+06	2.60596
180.75	2.6121e+06	2.50801
180.75	2.79972e+06	2.42388
180.75	2.97615e+06	2.35252
180.75	3.1375e+06	2.29299
180.75	3.28006e+06	2.24442
180.75	3.40038e+06	2.20607
180.75	3.49548e+06	2.17732
180.75	3.56294e+06	2.15772
180.75	3.60102e+06	2.14693
151.328	0.100249	7.83978
151.328	0.101321	7.83978
151.328	0.103276	7.83978
151.328	0.106164	7.83978
151.328	0.110059	7.83978
151.328	0.11506	7.83978
151.328	0.121298	7.83978
151.328	0.128942	7.83978
151.328	0.138203	7.83978
151.328	0.149347	7.83978
151.328	0.162704	7.83978
151.328	0.178684	7.83978
151.328	0.197797	7.83978
151.328	0.220676	7.83978
151.328	0.248111	7.83978
151.328	0.28109	7.83978
151.328	0.320847	7.83978
151.328	0.368933	7.83978
151.328	0.427302	7.83977
151.328	0.498424	7.83977
151.328	0.585427	7.83977
151.328	0.692292	7.83977
151.328	0.824094	7.83977
151.328	0.987329	7.83977
151.328	1.19033	7.83976
151.328	1.44382	7.83976
151.328	1.76165	7.83975
151.328	2.16172	7.83975
151.328	2.66728	7.83974
151.328	3.30853	7.83973
151.328	4.12487	7.83972
151.328	5.16771	7.83971
151.328	6.50436	7.83969
151.328	8.22302	7.83966
151.328	10.4395	7.83963
151.328	13.306	7.83959
151.328	17.0228	7.83954
151.328	21.8539	7.83947
151.328	28.147	7.83938
151.328	36.3608	7.83927
151.328	47.1005	7.83912
151.328	61.1643	7.83892
151.328	79.6049	7.83865
151.328	103.81	7.83829
151.328	135.608	7.83781
151.328	177.403	7.83717
151.328	232.356	7.83632
151.328	304.615	7.83521
151.328	399.611	7.83376
151.328	524.44	7.83186
151.328	688.354	7.82936
151.328	903.379	7.8261
151.328	1185.1	7.82189
151.328	1553.65	7.81647
151.328	2034.92	7.80951
151.328	2662.09	7.80061
151.328	3477.51	7.78924
151.328	4534.9	7.77471
151.328	5902.14	7.75625
151.328	7664.47	7.73296
151.328	9928.28	7.70375
151.328	12825.5	7.66733
151.328	16518.8	7.62232
151.328	21206.8	7.56717
151.328	27130.6	7.50022
151.328	34580.2	7.41982
151.328	43901.1	7.32448
151.328	55501.2	7.21289
151.328	69856.9	7.08395
151.328	87518	6.93707
151.328	109112	6.77216
151.328	135344	6.58977
151.328	166997	6.39096
151.328	204922	6.17724
151.328	250031	5.95043
151.328	303277	5.71262
151.328	365633	5.46615
151.328	438057	5.21364
151.328	521456	4.95797
151.328	616644	4.70221
151.328	724284	4.44956
151.328	844836	4.20315
151.328	978498	3.96595
151.328	1.12515e+06	3.74059
151.328	1.28429e+06	3.52921
151.328	1.45499e+06	3.33343
151.328	1.63588e+06	3.15428
151.328	1.82511e+06	2.9922
151.328	2.02032e+06	2.84712
151.328	2.21875e+06	2.71858
151.328	2.41718e+06	2.60581
151.328	2.6121e+06	2.50787
151.328	2.79972e+06	2.42373
151.328	2.97615e+06	2.35238
151.328	3.1375e+06	2.29286
151.328	3.28006e+06	2.24429
151.328	3.40038e+06	2.20594
151.328	3.49548e+06	2.17719
151.328	3.56294e+06	2.15759
151.328	3.60102e+06	2.1468
127.649	0.100249	7.95389
127.649	0.101321	7.95389
127.649	0.103276	7.95389
127.649	0.106164	7.95389
127.649	0.110059	7.95389
127.649	0.11506	7.95389
127.649	0.121298	7.95389
127.649	0.128942	7.95389
127.649	0.138203	7.95389
127.649	0.149347	7.95389
127.649	0.162704	7.95389
127.649	0.178684	7.95389
127.649	0.197797	7.95389
127.649	0.220676	7.95389
127.649	0.248111	7.95389
127.649	0.28109	7.95389
127.649	0.320847	7.95389
127.649	0.368933	7.95389
127.649	0.427302	7.95389
127.649	0.498424	7.95389
127.649	0.585427	7.95389
127.649	0.692292	7.95388
127.649	0.824094	7.95388
127.649	0.987329	7.95388
127.649	1.19033	7.95388
127.649	1.44382	7.95387
127.649	1.76165	7.95387
127.649	2.16172	7.95386
127.649	2.66728	7.95386
127.649	3.30853	7.95385
127.649	4.12487	7.95384
127.649	5.16771	7.95382
127.649	6.50436	7.9538
127.649	8.22302	7.95378
127.649	10.4395	7.95375
127.649	13.306	7.95371
127.649	17.0228	7.95365
127.649	21.8539	7.95359
127.649	28.147	7.9535
127.649	36.3608	7.95339
127.649	47.1005	7.95324
127.649	61.1643	7.95304
127.649	79.6049	7.95277
127.649	103.81	7.95241
127.649	135.608	7.95192
127.649	177.403	7.95126
127.649	232.356	7.95039
127.649	304.615	7.94925
127.649	399.611	7.94774
127.649	524.44	7.94576
127.649	688.354	7.94314
127.649	903.379	7.93972
127.649	1185.1	7.93526
127.649	1553.65	7.92951
127.649	2034.92	7.92209
127.649	2662.09	7.91255
127.649	3477.51	7.90031
127.649	4534.9	7.88461
127.649	5902.14	7.86459
127.649	7664.47	7.83926
127.649	9928.28	7.80742
127.649	12825.5	7.76768
127.649	16518.8	7.71852
127.649	21206.8	7.65834
127.649	27130.6	7.5854
127.649	34580.2	7.49806
127.649	43901.1	7.39494
127.649	55501.2	7.27489
127.649	69856.9	7.13715
127.649	87518	6.98156
127.649	109112	6.8085
127.649	135344	6.61888
127.649	166997	6.41398
127.649	204922	6.19531
127.649	250031	5.96458
127.649	303277	5.72373
127.649	365633	5.47492
127.649	438057	5.22061
127.649	521456	4.96357
127.649	616644	4.70676
127.649	724284	4.45329
127.649	844836	4.20625
127.649	978498	3.96856
127.649	1.12515e+06	3.7428
127.649	1.28429e+06	3.53111
127.649	1.45499e+06	3.33509
127.649	1.63588e+06	3.15573
127.649	1.82511e+06	2.99349
127.649	2.02032e+06	2.84828
127.649	2.21875e+06	2.71963
127.649	2.41718e+06	2.60676
127.649	2.6121e+06	2.50875
127.649	2.79972e+06	2.42455
127.649	2.97615e+06	2.35315
127.649	3.1375e+06	2.29358
127.649	3.28006e+06	2.24498
127.649	3.40038e+06	2.20661
127.649	3.49548e+06	2.17784
127.649	3.56294e+06	2.15823
127.649	3.60102e+06	2.14743
106.454	0.100249	8.0526
106.454	0.101321	8.0526
106.454	0.103276	8.0526
106.454	0.106164	8.0526
106.454	0.110059	8.0526
106.454	0.11506	8.0526
106.454	0.121298	8.0526
106.454	0.128942	8.0526
106.454	0.138203	8.0526
106.454	0.149347	8.0526
106.454	0.162704	8.0526
106.454	0.178684	8.0526
106.454	0.197797	8.0526
106.454	0.220676	8.0526
106.454	0.248111	8.05259
106.454	0.28109	8.05259
106.454	0.320847	8.05259
106.454	0.368933	8.05259
106.454	0.427302	8.05259
106.454	0.498424	8.05259
106.454	0.585427	8.05259
106.454	0.692292	8.05259
106.454	0.824094	8.05259
106.454	0.987329	8.05258
106.454	1.19033	8.05258
106.454	1.44382	8.05258
106.454	1.76165	8.05257
106.454	2.16172	8.05257
106.454	2.66728	8.05256
106.454	3.30853	8.05255
106.454	4.12487	8.05254
106.454	5.16771	8.05252
106.454	6.50436	8.0525
106.454	8.22302	8.05248
106.454	10.4395	8.05245
106.454	13.306	8.05241
106.454	17.0228	8.05236
106.454	21.8539	8.05229
106.454	28.147	8.05221
106.454	36.3608	8.0521
106.454	47.1005	8.05195
106.454	61.1643	8.05175
106.454	79.6049	8.05147
106.454	103.81	8.0511
106.454	135.608	8.0506
106.454	177.403	8.04993
106.454	232.356	8.04903
106.454	304.615	8.04785
106.454	399.611	8.04628
106.454	524.44	8.04421
106.454	688.354	8.04147
106.454	903.379	8.03786
106.454	1185.1	8.03317
106.454	1553.65	8.02707
106.454	2034.92	8.01917
106.454	2662.09	8.00898
106.454	3477.51	7.99586
106.454	4534.9	7.979
106.454	5902.14	7.95744
106.454	7664.47	7.93011
106.454	9928.28	7.89573
106.454	12825.5	7.85278
106.454	16518.8	7.79969
106.454	21206.8	7.73477
106.454	27130.6	7.65628
106.454	34580.2	7.56261
106.454	43901.1	7.4525
106.454	55501.2	7.32507
106.454	69856.9	7.17993
106.454	87518	7.01731
106.454	109112	6.8379
106.454	135344	6.64279
106.454	166997	6.4333
106.454	204922	6.21088
106.454	250031	5.97715
106.454	303277	5.7339
106.454	365633	5.4832
106.454	438057	5.22741
106.454	521456	4.96918
106.454	616644	4.71144
106.454	724284	4.45723
106.454	844836	4.20959
106.454	978498	3.97142
106.454	1.12515e+06	3.74527
106.454	1.28429e+06	3.53326
106.454	1.45499e+06	3.33697
106.454	1.63588e+06	3.1574
106.454	1.82511e+06	2.99498
106.454	2.02032e+06	2.84962
106.454	2.21875e+06	2.72085
106.454	2.41718e+06	2.60789
106.454	2.6121e+06	2.50978
106.454	2.79972e+06	2.42552
106.454	2.97615e+06	2.35406
106.454	3.1375e+06	2.29445
106.454	3.28006e+06	2.24581
106.454	3.40038e+06	2.2074
106.454	3.49548e+06	2.17862
106.454	3.56294e+06	2.15899
106.454	3.60102e+06	2.14818
85.2594	0.100249	8.1329
85.2594	0.101321	8.1329
85.2594	0.103276	8.1329
85.2594	0.106164	8.1329
85.2594	0.110059	8.1329
85.2594	0.11506	8.1329
85.2594	0.121298	8.1329
85.2594	0.128942	8.1329
85.2594	0.138203	8.1329
85.2594	0.149347	8.1329
85.2594	0.162704	8.1329
85.2594	0.178684	8.1329
85.2594	0.197797	8.1329
85.2594	0.220676	8.1329
85.2594	0.248111	8.1329
85.2594	0.28109	8.1329
85.2594	0.320847	8.13289
85.2594	0.368933	8.13289
85.2594	0.427302	8.13289
85.2594	0.498424	8.13289
85.2594	0.585427	8.13289
85.2594	0.692292	8.13289
85.2594	0.824094	8.13289
85.2594	0.987329	8.13288
85.2594	1.19033	8.13288
85.2594	1.44382	8.13288
85.2594	1.76165	8.13287
85.2594	2.16172	8.13287
85.2594	2.66728	8.13286
85.2594	3.30853	8.13285
85.2594	4.12487	8.13284
85.2594	5.16771	8.13282
85.2594	6.50436	8.1328
85.2594	8.22302	8.13278
85.2594	10.4395	8.13275
85.2594	13.306	8.13271
85.2594	17.0228	8.13266
85.2594	21.8539	8.13259
85.2594	28.147	8.13251
85.2594	36.3608	8.1324
85.2594	47.1005	8.13225
85.2594	61.1643	8.13205
85.2594	79.6049	8.13177
85.2594	103.81	8.13139
85.2594	135.608	8.13088
85.2594	177.403	8.13019
85.2594	232.356	8.12926
85.2594	304.615	8.12803
85.2594	399.611	8.1264
85.2594	524.44	8.12424
85.2594	688.354	8.12138
85.2594	903.379	8.1176
85.2594	1185.1	8.11265
85.2594	1553.65	8.10621
85.2594	2034.92	8.09783
85.2594	2662.09	8.08701
85.2594	3477.51	8.07303
85.2594	4534.9	8.05504
85.2594	5902.14	8.032
85.2594	7664.47	8.00278
85.2594	9928.28	7.96599
85.2594	12825.5	7.92008
85.2594	16518.8	7.86338
85.2594	21206.8	7.79417
85.2594	27130.6	7.71073
85.2594	34580.2	7.61153
85.2594	43901.1	7.49554
85.2594	55501.2	7.36217
85.2594	69856.9	7.21133
85.2594	87518	7.0435
85.2594	109112	6.8595
85.2594	135344	6.66049
85.2594	166997	6.44774
85.2594	204922	6.22266
85.2594	250031	5.98677
85.2594	303277	5.7418
85.2594	365633	5.48971
85.2594	438057	5.23281
85.2594	521456	4.9737
85.2594	616644	4.71524
85.2594	724284	4.46045
85.2594	844836	4.21234
85.2594	978498	3.97378
85.2594	1.12515e+06	3.74732
85.2594	1.28429e+06	3.53505
85.2594	1.45499e+06	3.33855
85.2594	1.63588e+06	3.15881
85.2594	1.82511e+06	2.99624
85.2594	2.02032e+06	2.85076
85.2594	2.21875e+06	2.72188
85.2594	2.41718e+06	2.60883
85.2594	2.6121e+06	2.51066
85.2594	2.79972e+06	2.42634
85.2594	2.97615e+06	2.35483
85.2594	3.1375e+06	2.29518
85.2594	3.28006e+06	2.24651
85.2594	3.40038e+06	2.20808
85.2594	3.49548e+06	2.17927
85.2594	3.56294e+06	2.15963
85.2594	3.60102e+06	2.14882
64.0647	0.100249	8.18277
64.0647	0.101321	8.18277
64.0647	0.103276	8.18277
64.0647	0.106164	8.18277
64.0647	0.110059	8.18277
64.0647	0.11506	8.18277
64.0647	0.121298	8.18277
64.0647	0.128942	8.18277
64.0647	0.138203	8.18277
64.0647	0.149347	8.18277
64.0647	0.162704	8.18277
64.0647	0.178684	8.18277
64.0647	0.197797	8.18277
64.0647	0.220676	8.18277
64.0647	0.248111	8.18277
64.0647	0.28109	8.18277
64.0647	0.320847	8.18277
64.0647	0.368933	8.18277
64.0647	0.427302	8.18277
64.0647	0.498424	8.18277
64.0647	0.585427	8.18277
64.0647	0.692292	8.18276
64.0647	0.824094	8.18276
64.0647	0.987329	8.18276
64.0647	1.19033	8.18276
64.0647	1.44382	8.18275
64.0647	1.76165	8.18275
64.0647	2.16172	8.18274
64.0647	2.66728	8.18274
64.0647	3.30853	8.18273
64.0647	4.12487	8.18271
64.0647	5.16771	8.1827
64.0647	6.50436	8.18268
64.0647	8.22302	8.18266
64.0647	10.4395	8.18263
64.0647	13.306	8.18259
64.0647	17.0228	8.18254
64.0647	21.8539	8.18247
64.0647	28.147	8.18239
64.0647	36.3608	8.18228
64.0647	47.1005	8.18213
64.0647	61.1643	8.18193
64.0647	79.6049	8.18165
64.0647	103.81	8.18127
64.0647	135.608	8.18075
64.0647	177.403	8.18005
64.0647	232.356	8.1791
64.0647	304.615	8.17785
64.0647	399.611	8.17618
64.0647	524.44	8.17395
64.0647	688.354	8.171
64.0647	903.379	8.16708
64.0647	1185.1	8.16195
64.0647	1553.65	8.15526
64.0647	2034.92	8.14654
64.0647	2662.09	8.13524
64.0647	3477.51	8.12063
64.0647	4534.9	8.1018
64.0647	5902.14	8.07768
64.0647	7664.47	8.04707
64.0647	9928.28	8.00854
64.0647	12825.5	7.96047
64.0647	16518.8	7.90116
64.0647	21206.8	7.82891
64.0647	27130.6	7.74205
64.0647	34580.2	7.63922
64.0647	43901.1	7.51956
64.0647	55501.2	7.38265
64.0647	69856.9	7.22855
64.0647	87518	7.05782
64.0647	109112	6.87132
64.0647	135344	6.6702
64.0647	166997	6.4557
64.0647	204922	6.22919
64.0647	250031	5.99215
64.0647	303277	5.74623
64.0647	365633	5.49339
64.0647	438057	5.23588
64.0647	521456	4.97627
64.0647	616644	4.71741
64.0647	724284	4.46229
64.0647	844836	4.21392
64.0647	978498	3.97515
64.0647	1.12515e+06	3.74851
64.0647	1.28429e+06	3.53609
64.0647	1.45499e+06	3.33947
64.0647	1.63588e+06	3.15962
64.0647	1.82511e+06	2.99697
64.0647	2.02032e+06	2.85142
64.0647	2.21875e+06	2.72249
64.0647	2.41718e+06	2.60939
64.0647	2.6121e+06	2.51117
64.0647	2.79972e+06	2.42681
64.0647	2.97615e+06	2.35528
64.0647	3.1375e+06	2.2956
64.0647	3.28006e+06	2.24692
64.0647	3.40038e+06	2.20847
64.0647	3.49548e+06	2.17966
64.0647	3.56294e+06	2.16001
64.0647	3.60102e+06	2.14919
52.5327	0.100249	8.19639
52.5327	0.101321	8.19639
52.5327	0.103276	8.19639
52.5327	0.106164	8.19639
52.5327	0.110059	8.19639
52.5327	0.11506	8.19639
52.5327	0.121298	8.19639
52.5327	0.128942	8.19639
52.5327	0.138203	8.19639
52.5327	0.149347	8.19639
52.5327	0.162704	8.19639
52.5327	0.178684	8.19639
52.5327	0.197797	8.19639
52.5327	0.220676	8.19638
52.5327	0.248111	8.19638
52.5327	0.28109	8.19638
52.5327	0.320847	8.19638
52.5327	0.368933	8.19638
52.5327	0.427302	8.19638
52.5327	0.498424	8.19638
52.5327	0.585427	8.19638
52.5327	0.692292	8.19638
52.5327	0.824094	8.19638
52.5327	0.987329	8.19637
52.5327	1.19033	8.19637
52.5327	1.44382	8.19637
52.5327	1.76165	8.19636
52.5327	2.16172	8.19636
52.5327	2.66728	8.19635
52.5327	3.30853	8.19634
52.5327	4.12487	8.19633
52.5327	5.16771	8.19631
52.5327	6.50436	8.19629
52.5327	8.22302	8.19627
52.5327	10.4395	8.19624
52.5327	13.306	8.1962
52.5327	17.0228	8.19615
52.5327	21.8539	8.19609
52.5327	28.147	8.19601
52.5327	36.3608	8.1959
52.5327	47.1005	8.19575
52.5327	61.1643	8.19555
52.5327	79.6049	8.19528
52.5327	103.81	8.1949
52.5327	135.608	8.19438
52.5327	177.403	8.19368
52.5327	232.356	8.19274
52.5327	304.615	8.19147
52.5327	399.611	8.1898
52.5327	524.44	8.18756
52.5327	688.354	8.18459
52.5327	903.379	8.18064
52.5327	1185.1	8.17547
52.5327	1553.65	8.16871
52.5327	2034.92	8.15989
52.5327	2662.09	8.14846
52.5327	3477.51	8.13367
52.5327	4534.9	8.11459
52.5327	5902.14	8.09014
52.5327	7664.47	8.0591
52.5327	9928.28	8.02001
52.5327	12825.5	7.97124
52.5327	16518.8	7.9111
52.5327	21206.8	7.83791
52.5327	27130.6	7.75005
52.5327	34580.2	7.6462
52.5327	43901.1	7.52555
52.5327	55501.2	7.38772
52.5327	69856.9	7.23279
52.5327	87518	7.06134
52.5327	109112	6.87422
52.5327	135344	6.67258
52.5327	166997	6.45766
52.5327	204922	6.2308
52.5327	250031	5.99347
52.5327	303277	5.74733
52.5327	365633	5.49431
52.5327	438057	5.23664
52.5327	521456	4.97691
52.5327	616644	4.71795
52.5327	724284	4.46276
52.5327	844836	4.21432
52.5327	978498	3.97549
52.5327	1.12515e+06	3.74881
52.5327	1.28429e+06	3.53636
52.5327	1.45499e+06	3.3397
52.5327	1.63588e+06	3.15983
52.5327	1.82511e+06	2.99715
52.5327	2.02032e+06	2.85159
52.5327	2.21875e+06	2.72264
52.5327	2.41718e+06	2.60953
52.5327	2.6121e+06	2.5113
52.5327	2.79972e+06	2.42693
52.5327	2.97615e+06	2.35539
52.5327	3.1375e+06	2.29571
52.5327	3.28006e+06	2.24702
52.5327	3.40038e+06	2.20857
52.5327	3.49548e+06	2.17975
52.5327	3.56294e+06	2.1601
52.5327	3.60102e+06	2.14928
38.3018	0.100249	8.20344
38.3018	0.101321	8.20344
38.3018	0.103276	8.20344
38.3018	0.106164	8.20344
38.3018	0.110059	8.20344
38.3018	0.11506	8.20344
38.3018	0.121298	8.20344
38.3018	0.128942	8.20344
38.3018	0.138203	8.20344
38.3018	0.149347	8.20344
38.3018	0.162704	8.20344
38.3018	0.178684	8.20344
38.3018	0.197797	8.20344
38.3018	0.220676	8.20344
38.3018	0.248111	8.20344
38.3018	0.28109	8.20344
38.3018	0.320847	8.20344
38.3018	0.368933	8.20344
38.3018	0.427302	8.20343
38.3018	0.498424	8.20343
38.3018	0.585427	8.20343
38.3018	0.692292	8.20343
38.3018	0.824094	8.20343
38.3018	0.987329	8.20343
38.3018	1.19033	8.20342
38.3018	1.44382	8.20342
38.3018	1.76165	8.20342
38.3018	2.16172	8.20341
38.3018	2.66728	8.2034
38.3018	3.30853	8.20339
38.3018	4.12487	8.20338
38.3018	5.16771	8.20337
38.3018	6.50436	8.20335
38.3018	8.22302	8.20333
38.3018	10.4395	8.2033
38.3018	13.306	8.20326
38.3018	17.0228	8.20321
38.3018	21.8539	8.20315
38.3018	28.147	8.20307
38.3018	36.3608	8.20296
38.3018	47.1005	8.20282
38.3018	61.1643	8.20263
38.3018	79.6049	8.20236
38.3018	103.81	8.20199
38.3018	135.608	8.20148
38.3018	177.403	8.20078
38.3018	232.356	8.19984
38.3018	304.615	8.19859
38.3018	399.611	8.19692
38.3018	524.44	8.19469
38.3018	688.354	8.19172
38.3018	903.379	8.18778
38.3018	1185.1	8.1826
38.3018	1553.65	8.17582
38.3018	2034.92	8.16698
38.3018	2662.09	8.15549
38.3018	3477.51	8.14063
38.3018	4534.9	8.12142
38.3018	5902.14	8.09678
38.3018	7664.47	8.06548
38.3018	9928.28	8.02604
38.3018	12825.5	7.97685
38.3018	16518.8	7.91622
38.3018	21206.8	7.84249
38.3018	27130.6	7.75408
38.3018	34580.2	7.64969
38.3018	43901.1	7.52853
38.3018	55501.2	7.39023
38.3018	69856.9	7.23489
38.3018	87518	7.06307
38.3018	109112	6.87565
38.3018	135344	6.67376
38.3018	166997	6.45863
38.3018	204922	6.2316
38.3018	250031	5.99413
38.3018	303277	5.74788
38.3018	365633	5.49476
38.3018	438057	5.23702
38.3018	521456	4.97723
38.3018	616644	4.71822
38.3018	724284	4.46299
38.3018	844836	4.21452
38.3018	978498	3.97566
38.3018	1.12515e+06	3.74895
38.3018	1.28429e+06	3.53649
38.3018	1.45499e+06	3.33982
38.3018	1.63588e+06	3.15993
38.3018	1.82511e+06	2.99725
38.3018	2.02032e+06	2.85167
38.3018	2.21875e+06	2.72271
38.3018	2.41718e+06	2.6096
38.3018	2.6121e+06	2.51137
38.3018	2.79972e+06	2.42699
38.3018	2.97615e+06	2.35545
38.3018	3.1375e+06	2.29576
38.3018	3.28006e+06	2.24707
38.3018	3.40038e+06	2.20862
38.3018	3.49548e+06	2.1798
38.3018	3.56294e+06	2.16015
38.3018	3.60102e+06	2.14933
24.071	0.100249	8.2049
24.071	0.101321	8.2049
24.071	0.103276	8.2049
24.071	0.106164	8.2049
24.071	0.110059	8.2049
24.071	0.11506	8.2049
24.071	0.121298	8.2049
24.071	0.128942	8.2049
24.071	0.138203	8.2049
24.071	0.149347	8.2049
24.071	0.162704	8.2049
24.071	0.178684	8.2049
24.071	0.197797	8.2049
24.071	0.220676	8.2049
24.071	0.248111	8.2049
24.071	0.28109	8.2049
24.071	0.320847	8.20489
24.071	0.368933	8.20489
24.071	0.427302	8.20489
24.071	0.498424	8.20489
24.071	0.585427	8.20489
24.071	0.692292	8.20489
24.071	0.824094	8.20489
24.071	0.987329	8.20489
24.071	1.19033	8.20488
24.071	1.44382	8.20488
24.071	1.76165	8.20487
24.071	2.16172	8.20487
24.071	2.66728	8.20486
24.071	3.30853	8.20485
24.071	4.12487	8.20484
24.071	5.16771	8.20483
24.071	6.50436	8.20481
24.071	8.22302	8.20479
24.071	10.4395	8.20476
24.071	13.306	8.20472
24.071	17.0228	8.20468
24.071	21.8539	8.20462
24.071	28.147	8.20454
24.071	36.3608	8.20444
24.071	47.1005	8.2043
24.071	61.1643	8.20411
24.071	79.6049	8.20384
24.071	103.81	8.20348
24.071	135.608	8.20297
24.071	177.403	8.20229
24.071	232.356	8.20136
24.071	304.615	8.20012
24.071	399.611	8.19846
24.071	524.44	8.19625
24.071	688.354	8.1933
24.071	903.379	8.18938
24.071	1185.1	8.18422
24.071	1553.65	8.17746
24.071	2034.92	8.16863
24.071	2662.09	8.15715
24.071	3477.51	8.14227
24.071	4534.9	8.12303
24.071	5902.14	8.09834
24.071	7664.47	8.06696
24.071	9928.28	8.02743
24.071	12825.5	7.97812
24.071	16518.8	7.91736
24.071	21206.8	7.84351
24.071	27130.6	7.75497
24.071	34580.2	7.65045
24.071	43901.1	7.52918
24.071	55501.2	7.39078
24.071	69856.9	7.23534
24.071	87518	7.06345
24.071	109112	6.87596
24.071	135344	6.67401
24.071	166997	6.45884
24.071	204922	6.23177
24.071	250031	5.99427
24.071	303277	5.74799
24.071	365633	5.49486
24.071	438057	5.2371
24.071	521456	4.9773
24.071	616644	4.71828
24.071	724284	4.46304
24.071	844836	4.21456
24.071	978498	3.9757
24.071	1.12515e+06	3.74899
24.071	1.28429e+06	3.53651
24.071	1.45499e+06	3.33984
24.071	1.63588e+06	3.15995
24.071	1.82511e+06	2.99726
24.071	2.02032e+06	2.85169
24.071	2.21875e+06	2.72273
24.071	2.41718e+06	2.60961
24.071	2.6121e+06	2.51138
24.071	2.79972e+06	2.42701
24.071	2.97615e+06	2.35546
24.071	3.1375e+06	2.29578
24.071	3.28006e+06	2.24708
24.071	3.40038e+06	2.20863
24.071	3.49548e+06	2.17981
24.071	3.56294e+06	2.16016
24.071	3.60102e+06	2.14934
11.7154	0.100249	8.20496
11.7154	0.101321	8.20496
11.7154	0.103276	8.20496
11.7154	0.106164	8.20496
11.7154	0.110059	8.20496
11.7154	0.11506	8.20496
11.7154	0.121298	8.20496
11.7154	0.128942	8.20496
11.7154	0.138203	8.20496
11.7154	0.149347	8.20496
11.7154	0.162704	8.20496
11.7154	0.178684	8.20496
11.7154	0.197797	8.20496
11.7154	0.220676	8.20496
11.7154	0.248111	8.20496
11.7154	0.28109	8.20496
11.7154	0.320847	8.20495
11.7154	0.368933	8.20495
11.7154	0.427302	8.20495
11.7154	0.498424	8.20495
11.7154	0.585427	8.20495
11.7154	0.692292	8.20495
11.7154	0.824094	8.20495
11.7154	0.987329	8.20495
11.7154	1.19033	8.20494
11.7154	1.44382	8.20494
11.7154	1.76165	8.20493
11.7154	2.16172	8.20493
11.7154	2.66728	8.20492
11.7154	3.30853	8.20491
11.7154	4.12487	8.2049
11.7154	5.16771	8.20489
11.7154	6.50436	8.20487
11.7154	8.22302	8.20485
11.7154	10.4395	8.20482
11.7154	13.306	8.20478
11.7154	17.0228	8.20474
11.7154	21.8539	8.20468
11.7154	28.147	8.2046
11.7154	36.3608	8.2045
11.7154	47.1005	8.20437
11.7154	61.1643	8.20418
11.7154	79.6049	8.20392
11.7154	103.81	8.20355
11.7154	135.608	8.20305
11.7154	177.403	8.20237
11.7154	232.356	8.20145
11.7154	304.615	8.20021
11.7154	399.611	8.19856
11.7154	524.44	8.19636
11.7154	688.354	8.19342
11.7154	903.379	8.1895
11.7154	1185.1	8.18435
11.7154	1553.65	8.1776
11.7154	2034.92	8.16877
11.7154	2662.09	8.15729
11.7154	3477.51	8.14241
11.7154	4534.9	8.12317
11.7154	5902.14	8.09847
11.7154	7664.47	8.06708
11.7154	9928.28	8.02754
11.7154	12825.5	7.97822
11.7154	16518.8	7.91746
11.7154	21206.8	7.84359
11.7154	27130.6	7.75504
11.7154	34580.2	7.65051
11.7154	43901.1	7.52923
11.7154	55501.2	7.39082
11.7154	69856.9	7.23538
11.7154	87518	7.06348
11.7154	109112	6.87599
11.7154	135344	6.67403
11.7154	166997	6.45885
11.7154	204922	6.23178
11.7154	250031	5.99428
11.7154	303277	5.748
11.7154	365633	5.49486
11.7154	438057	5.23711
11.7154	521456	4.97731
11.7154	616644	4.71829
11.7154	724284	4.46304
11.7154	844836	4.21457
11.7154	978498	3.9757
11.7154	1.12515e+06	3.74899
11.7154	1.28429e+06	3.53652
11.7154	1.45499e+06	3.33984
11.7154	1.63588e+06	3.15996
11.7154	1.82511e+06	2.99727
11.7154	2.02032e+06	2.85169
11.7154	2.21875e+06	2.72273
11.7154	2.41718e+06	2.60961
11.7154	2.6121e+06	2.51138
11.7154	2.79972e+06	2.42701
11.7154	2.97615e+06	2.35546
11.7154	3.1375e+06	2.29578
11.7154	3.28006e+06	2.24708
11.7154	3.40038e+06	2.20863
11.7154	3.49548e+06	2.17981
11.7154	3.56294e+06	2.16016
11.7154	3.60102e+06	2.14934
0.1	0.100249	8.20495
0.1	0.101321	8.20495
0.1	0.103276	8.20495
0.1	0.106164	8.20495
0.1	0.110059	8.20495
0.1	0.11506	8.20495
0.1	0.121298	8.20495
0.1	0.128942	8.20495
0.1	0.138203	8.20495
0.1	0.149347	8.20495
0.1	0.162704	8.20495
0.1	0.178684	8.20495
0.1	0.197797	8.20495
0.1	0.220676	8.20495
0.1	0.248111	8.20495
0.1	0.28109	8.20495
0.1	0.320847	8.20495
0.1	0.368933	8.20495
0.1	0.427302	8.20495
0.1	0.498424	8.20495
0.1	0.585427	8.20495
0.1	0.692292	8.20495
0.1	0.824094	8.20494
0.1	0.987329	8.20494
0.1	1.19033	8.20494
0.1	1.44382	8.20493
0.1	1.76165	8.20493
0.1	2.16172	8.20493
0.1	2.66728	8.20492
0.1	3.30853	8.20491
0.1	4.12487	8.2049
0.1	5.16771	8.20489
0.1	6.50436	8.20487
0.1	8.22302	8.20485
0.1	10.4395	8.20482
0.1	13.306	8.20478
0.1	17.0228	8.20474
0.1	21.8539	8.20468
0.1	28.147	8.2046
0.1	36.3608	8.2045
0.1	47.1005	8.20436
0.1	61.1643	8.20418
0.1	79.6049	8.20392
0.1	103.81	8.20355
0.1	135.608	8.20305
0.1	177.403	8.20237
0.1	232.356	8.20145
0.1	304.615	8.20021
0.1	399.611	8.19856
0.1	524.44	8.19636
0.1	688.354	8.19342
0.1	903.379	8.18951
0.1	1185.1	8.18435
0.1	1553.65	8.1776
0.1	2034.92	8.16877
0.1	2662.09	8.15729
0.1	3477.51	8.14241
0.1	4534.9	8.12317
0.1	5902.14	8.09847
0.1	7664.47	8.06708
0.1	9928.28	8.02754
0.1	12825.5	7.97822
0.1	16518.8	7.91746
0.1	21206.8	7.8436
0.1	27130.6	7.75504
0.1	34580.2	7.65052
0.1	43901.1	7.52923
0.1	55501.2	7.39082
0.1	69856.9	7.23538
0.1	87518	7.06348
0.1	109112	6.87599
0.1	135344	6.67403
0.1	166997	6.45885
0.1	204922	6.23178
0.1	250031	5.99428
0.1	303277	5.748
0.1	365633	5.49486
0.1	438057	5.23711
0.1	521456	4.97731
0.1	616644	4.71829
0.1	724284	4.46304
0.1	844836	4.21457
0.1	978498	3.9757
0.1	1.12515e+06	3.74899
0.1	1.28429e+06	3.53652
0.1	1.45499e+06	3.33984
0.1	1.63588e+06	3.15996
0.1	1.82511e+06	2.99727
0.1	2.02032e+06	2.85169
0.1	2.21875e+06	2.72273
0.1	2.41718e+06	2.60961
0.1	2.6121e+06	2.51138
0.1	2.79972e+06	2.42701
0.1	2.97615e+06	2.35546
0.1	3.1375e+06	2.29578
0.1	3.28006e+06	2.24708
0.1	3.40038e+06	2.20863
0.1	3.49548e+06	2.17981
0.1	3.56294e+06	2.16016
0.1	3.60102e+06	2.14934
0.1	0.100249	8.20495
0.1	0.101321	8.20495
0.1	0.103276	8.20495
0.1	0.106164	8.20495
0.1	0.110059	8.20495
0.1	0.11506	8.20495
0.1	0.121298	8.20495
0.1	0.128942	8.20495
0.1	0.138203	8.20495
0.1	0.149347	8.20495
0.1	0.162704	8.20495
0.1	0.178684	8.20495
0.1	0.197797	8.20495
0.1	0.220676	8.20495
0.1	0.248111	8.20495
0.1	0.28109	8.20495
0.1	0.320847	8.20495
0.1	0.368933	8.20495
0.1	0.427302	8.20495
0.1	0.498424	8.20495
0.1	0.585427	8.20495
0.1	0.692292	8.20495
0.1	0.824094	8.20494
0.1	0.987329	8.20494
0.1	1.19033	8.20494
0.1	1.44382	8.20493
0.1	1.76165	8.20493
0.1	2.16172	8.20493
0.1	2.66728	8.20492
0.1	3.30853	8.20491
0.1	4.12487	8.2049
0.1	5.16771	8.20489
0.1	6.50436	8.20487
0.1	8.22302	8.20485
0.1	10.4395	8.20482
0.1	13.306	8.20478
0.1	17.0228	8.20474
0.1	21.8539	8.20468
0.1	28.147	8.2046
0.1	36.3608	8.2045
0.1	47.1005	8.20436
0.1	61.1643	8.20418
0.1	79.6049	8.20392
0.1	103.81	8.20355
0.1	135.608	8.20305
0.1	177.403	8.20237
0.1	232.356	8.20145
0.1	304.615	8.20021
0.1	399.611	8.19856
0.1	524.44	8.19636
0.1	688.354	8.19342
0.1	903.379	8.18951
0.1	1185.1	8.18435
0.1	1553.65	8.1776
0.1	2034.92	8.16877
0.1	2662.09	8.15729
0.1	3477.51	8.14241
0.1	4534.9	8.12317
0.1	5902.14	8.09847
0.1	7664.47	8.06708
0.1	9928.28	8.02754
0.1	12825.5	7.97822
0.1	16518.8	7.91746
0.1	21206.8	7.8436
0.1	27130.6	7.75504
0.1	34580.2	7.65052
0.1	43901.1	7.52923
0.1	55501.2	7.39082
0.1	69856.9	7.23538
0.1	87518	7.06348
0.1	109112	6.87599
0.1	135344	6.67403
0.1	166997	6.45885
0.1	204922	6.23178
0.1	250031	5.99428
0.1	303277	5.748
0.1	365633	5.49486
0.1	438057	5.23711
0.1	521456	4.97731
0.1	616644	4.71829
0.1	724284	4.46304
0.1	844836	4.21457
0.1	978498	3.9757
0.1	1.12515e+06	3.74899
0.1	1.28429e+06	3.53652
0.1	1.45499e+06	3.33984
0.1	1.63588e+06	3.15996
0.1	1.82511e+06	2.99727
0.1	2.02032e+06	2.85169
0.1	2.21875e+06	2.72273
0.1	2.41718e+06	2.60961
0.1	2.6121e+06	2.51138
0.1	2.79972e+06	2.42701
0.1	2.97615e+06	2.35546
0.1	3.1375e+06	2.29578
0.1	3.28006e+06	2.24708
0.1	3.40038e+06	2.20863
0.1	3.49548e+06	2.17981
0.1	3.56294e+06	2.16016
0.1	3.60102e+06	2.14934
