1.00017e-08	0.462647
1.00091e-08	0.462647
1.00224e-08	0.462647
1.00416e-08	0.462647
1.00668e-08	0.462647
1.0098e-08	0.462647
1.01353e-08	0.462647
1.01787e-08	0.462647
1.02283e-08	0.462647
1.02842e-08	0.462647
1.03465e-08	0.462647
1.04154e-08	0.462647
1.04908e-08	0.462647
1.0573e-08	0.462647
1.06621e-08	0.462647
1.07582e-08	0.462647
1.08616e-08	0.462647
1.09725e-08	0.462647
1.10909e-08	0.462647
1.12172e-08	0.462647
1.13516e-08	0.462647
1.14943e-08	0.462647
1.16457e-08	0.462647
1.18058e-08	0.462647
1.19752e-08	0.462647
1.21541e-08	0.462647
1.23428e-08	0.462647
1.25418e-08	0.462647
1.27514e-08	0.462647
1.2972e-08	0.462647
1.3204e-08	0.462647
1.3448e-08	0.462647
1.37044e-08	0.462647
1.39738e-08	0.462647
1.42567e-08	0.462647
1.45536e-08	0.462647
1.48654e-08	0.462647
1.51925e-08	0.462647
1.55357e-08	0.462647
1.58957e-08	0.462647
1.62734e-08	0.462647
1.66696e-08	0.462647
1.70852e-08	0.462647
1.7521e-08	0.462647
1.79782e-08	0.462647
1.84578e-08	0.462647
1.89609e-08	0.462647
1.94887e-08	0.462647
2.00425e-08	0.462647
2.06236e-08	0.462647
2.12335e-08	0.462647
2.18736e-08	0.462647
2.25457e-08	0.462647
2.32513e-08	0.462647
2.39924e-08	0.462647
2.47709e-08	0.462647
2.55888e-08	0.462647
2.64483e-08	0.462647
2.73517e-08	0.462647
2.83016e-08	0.462647
2.93006e-08	0.462647
3.03514e-08	0.462647
3.1457e-08	0.462647
3.26207e-08	0.462647
3.38459e-08	0.462647
3.5136e-08	0.462647
3.64951e-08	0.462647
3.79271e-08	0.462647
3.94365e-08	0.462647
4.1028e-08	0.462647
4.27064e-08	0.462647
4.44773e-08	0.462647
4.63461e-08	0.462647
4.83191e-08	0.462647
5.04026e-08	0.462647
5.26036e-08	0.462647
5.49295e-08	0.462647
5.73882e-08	0.462647
5.99883e-08	0.462647
6.27387e-08	0.462647
6.56491e-08	0.462647
6.873e-08	0.462647
7.19925e-08	0.462647
7.54484e-08	0.462647
7.91106e-08	0.462647
8.29926e-08	0.462647
8.71093e-08	0.462647
9.14763e-08	0.462647
9.61105e-08	0.462647
1.0103e-07	0.462647
1.06254e-07	0.462647
1.11804e-07	0.462647
1.17702e-07	0.462647
1.23973e-07	0.462647
1.30641e-07	0.462647
1.37735e-07	0.462647
1.45286e-07	0.462647
1.53324e-07	0.462647
1.61885e-07	0.462647
1.71006e-07	0.462647
1.80727e-07	0.462647
1.91092e-07	0.462647
2.02147e-07	0.462647
2.13943e-07	0.462647
2.26532e-07	0.462647
2.39975e-07	0.462647
2.54334e-07	0.462647
2.69676e-07	0.462647
2.86075e-07	0.462647
3.0361e-07	0.462647
3.22367e-07	0.462647
3.42438e-07	0.462647
3.63923e-07	0.462647
3.86928e-07	0.462647
4.11571e-07	0.462647
4.37978e-07	0.462647
4.66285e-07	0.462647
4.96638e-07	0.462647
5.29199e-07	0.462647
5.64138e-07	0.462647
6.01643e-07	0.462647
6.41916e-07	0.462647
6.85177e-07	0.462647
7.31663e-07	0.462646
7.81632e-07	0.462646
8.35362e-07	0.462646
8.93156e-07	0.462646
9.55344e-07	0.462646
1.02228e-06	0.462646
1.09435e-06	0.462646
1.17198e-06	0.462646
1.25562e-06	0.462646
1.34576e-06	0.462646
1.44295e-06	0.462646
1.54776e-06	0.462646
1.66084e-06	0.462646
1.78288e-06	0.462646
1.91461e-06	0.462646
2.05687e-06	0.462646
2.21054e-06	0.462645
2.37658e-06	0.462645
2.55605e-06	0.462645
2.7501e-06	0.462645
2.95997e-06	0.462645
3.18702e-06	0.462645
3.43272e-06	0.462645
3.69871e-06	0.462644
3.98672e-06	0.462644
4.29868e-06	0.462644
4.63668e-06	0.462644
5.00299e-06	0.462643
5.4001e-06	0.462643
5.83073e-06	0.462643
6.29783e-06	0.462642
6.80464e-06	0.462642
7.35467e-06	0.462642
7.95179e-06	0.462641
8.6002e-06	0.462641
9.30448e-06	0.46264
1.00697e-05	0.46264
1.09012e-05	0.462639
1.18052e-05	0.462638
1.27881e-05	0.462638
1.38571e-05	0.462637
1.502e-05	0.462636
1.62854e-05	0.462635
1.76627e-05	0.462634
1.91622e-05	0.462633
2.0795e-05	0.462632
2.25734e-05	0.462631
2.4511e-05	0.462629
2.66223e-05	0.462628
2.89236e-05	0.462626
3.14325e-05	0.462624
3.41683e-05	0.462622
3.71523e-05	0.46262
4.04075e-05	0.462618
4.39596e-05	0.462615
4.78362e-05	0.462612
5.20681e-05	0.462609
5.66887e-05	0.462606
6.17346e-05	0.462602
6.72463e-05	0.462598
7.32678e-05	0.462594
7.98475e-05	0.462589
8.70387e-05	0.462584
9.48995e-05	0.462578
0.000103494	0.462572
0.000112892	0.462565
0.000123171	0.462558
0.000134416	0.46255
0.000146718	0.462541
0.00016018	0.462531
0.000174914	0.46252
0.000191043	0.462508
0.0002087	0.462496
0.000228035	0.462482
0.000249209	0.462466
0.000272402	0.462449
0.000297809	0.462431
0.000325645	0.462411
0.000356147	0.462389
0.000389575	0.462365
0.000426215	0.462338
0.000466379	0.462309
0.000510414	0.462277
0.000558696	0.462242
0.000611644	0.462204
0.000669713	0.462162
0.000733407	0.462115
0.000803277	0.462065
0.000879932	0.462009
0.000964037	0.461948
0.00105633	0.461882
0.00115761	0.461808
0.00126876	0.461728
0.00139077	0.46164
0.00152469	0.461543
0.00167171	0.461436
0.00183312	0.46132
0.00201034	0.461192
0.00220493	0.461051
0.00241861	0.460897
0.00265327	0.460728
0.00291098	0.460542
0.00319402	0.460338
0.0035049	0.460114
0.00384637	0.459868
0.00422146	0.459598
0.00463349	0.459302
0.00508613	0.458977
0.00558338	0.45862
0.00612967	0.458228
0.00672984	0.457799
0.00738923	0.457327
0.00811368	0.45681
0.00890965	0.456243
0.00978418	0.45562
0.0107451	0.454938
0.0118008	0.454189
0.0129608	0.453369
0.0142353	0.45247
0.0156356	0.451485
0.0171741	0.450405
0.0188645	0.449224
0.0207217	0.44793
0.0227621	0.446514
0.0250037	0.444965
0.0274664	0.443271
0.0301717	0.44142
0.0331436	0.439398
0.0364082	0.437191
0.0399941	0.434783
0.0439327	0.432157
0.0482586	0.429297
0.0530096	0.426183
0.0582272	0.422796
0.0639567	0.419117
0.0702481	0.415122
0.0771559	0.410791
0.08474	0.406102
0.0930661	0.401029
0.102206	0.395551
0.112238	0.389644
0.123249	0.383284
0.135332	0.37645
0.148592	0.369118
0.163141	0.36127
0.179103	0.352888
0.196613	0.343955
0.21582	0.334461
0.236885	0.324397
0.259985	0.313759
0.285315	0.302552
0.313085	0.290783
0.343527	0.278471
0.376893	0.26564
0.41346	0.252327
0.453529	0.238577
0.497428	0.224449
0.545518	0.210011
0.598189	0.195347
0.655871	0.180551
0.719028	0.165732
0.78817	0.151009
0.863852	0.136507
0.946677	0.122362
1.0373	0.108709
1.13645	0.0956798
1.2449	0.0833981
1.3635	0.0719727
1.49318	0.0614916
1.63494	0.0520172
1.78988	0.0435829
1.9592	0.0361916
2.14418	0.0298165
2.34624	0.0244044
2.5669	0.0198802
2.80783	0.0161535
3.07083	0.0131248
3.35786	0.0106919
3.67105	0.00875541
4.01269	0.00722309
4.38529	0.00601278
4.79156	0.00505405
5.23443	0.00428873
5.71708	0.00367037
6.24296	0.00316305
6.81579	0.00273984
7.43961	0.00238102
8.11878	0.00207244
8.85801	0.00180405
9.6624	0.0015687
10.5375	0.00136125
11.4891	0.0011779
12.5239	0.00101576
13.6486	0.000872515
14.8707	0.000746291
16.1984	0.000635473
17.6402	0.000538641
19.2056	0.000454513
20.9046	0.000381892
22.7482	0.000319648
24.7479	0.000266693
26.9163	0.000221981
29.2669	0.000184508
31.8142	0.000153319
34.5738	0.000127515
37.5625	0.000106275
40.7981	8.88479e-05
44.2999	7.45754e-05
48.0886	6.28815e-05
52.1862	5.32776e-05
56.6164	4.5357e-05
61.4046	3.87852e-05
66.5779	3.32942e-05
72.1653	2.86715e-05
78.1978	2.47495e-05
84.7085	2.13993e-05
91.7327	1.85194e-05
99.3081	1.60318e-05
107.475	1.38749e-05
116.276	1.19994e-05
125.758	1.03661e-05
135.968	8.94251e-06
146.959	7.70166e-06
158.785	6.62081e-06
171.505	5.68044e-06
185.182	4.86375e-06
199.881	4.15606e-06
215.672	3.54446e-06
232.63	3.01749e-06
250.833	2.56491e-06
270.365	2.17757e-06
291.314	1.8472e-06
313.773	1.56636e-06
337.841	1.32838e-06
363.623	1.12727e-06
391.228	9.57701e-07
420.772	8.14935e-07
452.378	6.94859e-07
486.175	5.9386e-07
522.299	5.08844e-07
560.891	4.37167e-07
602.104	3.76598e-07
646.093	3.25263e-07
693.025	2.81606e-07
743.074	2.44339e-07
796.422	2.12409e-07
853.258	1.84949e-07
913.783	1.61248e-07
978.206	1.40728e-07
1046.74	1.22911e-07
1119.62	1.07405e-07
1197.09	9.38837e-08
1279.37	8.20749e-08
1366.75	7.17496e-08
1459.48	6.2714e-08
1557.84	5.48026e-08
1662.12	4.78735e-08
1772.62	4.18046e-08
1889.65	3.64901e-08
2013.54	3.18378e-08
2144.61	2.77673e-08
2283.22	2.42082e-08
2429.71	2.10987e-08
2584.46	1.83844e-08
2747.84	1.60175e-08
2920.23	1.39553e-08
3102.05	1.21605e-08
3293.69	1.05999e-08
3495.59	9.24397e-09
3708.16	8.06678e-09
3931.84	7.04532e-09
4167.1	6.15932e-09
4414.38	5.39094e-09
4674.15	4.72449e-09
4946.89	4.14626e-09
5233.07	3.64425e-09
5533.2	3.20803e-09
5847.75	2.82859e-09
6177.23	2.49808e-09
6522.14	2.20977e-09
6883	1.95784e-09
7260.3	1.73731e-09
7654.56	1.5439e-09
8066.29	1.37396e-09
8496	1.22434e-09
8944.19	1.09237e-09
9411.37	9.75759e-10
9898.04	8.72531e-10
10404.7	7.81003e-10
10931.8	6.99721e-10
11479.8	6.27435e-10
12049.3	5.63065e-10
12640.5	5.05676e-10
13254.1	4.54455e-10
13890.3	4.08692e-10
14549.7	3.6777e-10
15232.5	3.31146e-10
15939.1	2.98345e-10
16669.9	2.68947e-10
17425.2	2.42584e-10
18205.2	2.18928e-10
19010.1	1.97691e-10
19840.3	1.78615e-10
20695.8	1.61474e-10
21576.8	1.46064e-10
22483.4	1.32205e-10
23415.7	1.19737e-10
24373.6	1.08515e-10
25357.2	9.84116e-11
26366.4	8.93116e-11
27401	8.11126e-11
28460.8	7.37228e-11
29545.7	6.70597e-11
30655.4	6.10498e-11
31789.4	5.56267e-11
32947.4	5.07311e-11
34129	4.63098e-11
35333.7	4.23148e-11
36560.7	3.87032e-11
37809.6	3.54365e-11
39079.6	3.24802e-11
40370	2.98028e-11
41679.8	2.73767e-11
43008.3	2.51767e-11
44354.4	2.31802e-11
45717.2	2.13669e-11
47095.5	1.97186e-11
48488.2	1.82191e-11
49894	1.68535e-11
51311.8	1.56088e-11
52740.1	1.44729e-11
54177.6	1.34353e-11
55622.8	1.24864e-11
57074.2	1.16175e-11
58530.3	1.0821e-11
59989.4	1.00898e-11
61449.9	9.41782e-12
62910	8.79933e-12
64368	8.22936e-12
65822.1	7.70341e-12
67270.5	7.21744e-12
68711.3	6.76787e-12
70142.7	6.35147e-12
71562.6	5.96537e-12
72969.2	5.60703e-12
74360.5	5.27416e-12
75734.6	4.96474e-12
77089.4	4.67699e-12
78423	4.40928e-12
79733.4	4.16019e-12
81018.7	3.92844e-12
82276.8	3.71289e-12
83505.8	3.51248e-12
84703.8	3.3263e-12
85869	3.15347e-12
86999.3	2.99321e-12
88093.1	2.8448e-12
89148.4	2.70755e-12
90163.7	2.58085e-12
91137.1	2.4641e-12
92067	2.35675e-12
92952	2.25829e-12
93790.3	2.16824e-12
94580.7	2.08614e-12
95321.7	2.01157e-12
96012.1	1.94415e-12
96650.6	1.88352e-12
97236.2	1.82934e-12
97767.7	1.78132e-12
98244.3	1.73919e-12
98665.1	1.70271e-12
99029.3	1.67166e-12
99336.3	1.64587e-12
99585.5	1.62519e-12
99776.5	1.60949e-12
99909	1.59868e-12
99982.7	1.5927e-12
