949	0.100249	18.9033	18.5904
949	0.101321	18.9033	18.5904
949	0.103276	18.9033	18.5904
949	0.106164	18.9033	18.5904
949	0.110059	18.9033	18.5904
949	0.11506	18.9033	18.5904
949	0.121298	18.9033	18.5904
949	0.128942	18.9033	18.5904
949	0.138203	18.9033	18.5904
949	0.149347	18.9033	18.5904
949	0.162704	18.9033	18.5904
949	0.178684	18.9033	18.5904
949	0.197797	18.9033	18.5904
949	0.220676	18.9033	18.5904
949	0.248111	18.9033	18.5904
949	0.28109	18.9033	18.5904
949	0.320847	18.9033	18.5904
949	0.368933	18.9033	18.5904
949	0.427302	18.9033	18.5904
949	0.498424	18.9033	18.5904
949	0.585427	18.9033	18.5904
949	0.692292	18.9033	18.5904
949	0.824094	18.9033	18.5904
949	0.987329	18.9033	18.5904
949	1.19033	18.9033	18.5904
949	1.44382	18.9033	18.5904
949	1.76165	18.9033	18.5904
949	2.16172	18.9033	18.5904
949	2.66728	18.9033	18.5904
949	3.30853	18.9033	18.5904
949	4.12487	18.9033	18.5904
949	5.16771	18.9033	18.5904
949	6.50436	18.9033	18.5904
949	8.22302	18.9033	18.5904
949	10.4395	18.9033	18.5904
949	13.306	18.9033	18.5904
949	17.0228	18.9033	18.5904
949	21.8539	18.9033	18.5904
949	28.147	18.9033	18.5904
949	36.3608	18.9033	18.5904
949	47.1005	18.9033	18.5904
949	61.1643	18.9033	18.5904
949	79.6049	18.9033	18.5904
949	103.81	18.9033	18.5904
949	135.608	18.9033	18.5905
949	177.403	18.9033	18.5905
949	232.356	18.9033	18.5905
949	304.615	18.9033	18.5905
949	399.611	18.9033	18.5905
949	524.44	18.9033	18.5905
949	688.354	18.9033	18.5907
949	903.379	18.9033	18.5907
949	1185.1	18.9033	18.5908
949	1553.65	18.9033	18.5908
949	2034.92	18.9033	18.591
949	2662.09	18.9033	18.5912
949	3477.51	18.9033	18.5913
949	4534.9	18.9033	18.5916
949	5902.14	18.9033	18.5919
949	7664.47	18.9033	18.5924
949	9928.28	18.9033	18.5929
949	12825.5	18.9033	18.5935
949	16518.8	18.9033	18.5941
949	21206.8	18.9033	18.5952
949	27130.6	18.9033	18.5963
949	34580.2	18.9033	18.5975
949	43901.1	18.9033	18.5991
949	55501.2	18.9033	18.6011
949	69856.9	18.9033	18.6033
949	87518	18.9033	18.6058
949	109112	18.9032	18.6088
949	135344	18.9032	18.6125
949	166997	18.9032	18.6166
949	204922	18.9032	18.6211
949	250031	18.9032	18.6262
949	303277	18.9032	18.6321
949	365633	18.9032	18.6384
949	438057	18.9032	18.6454
949	521456	18.9031	18.6529
949	616644	18.9031	18.6608
949	724284	18.9031	18.6695
949	844836	18.9031	18.6786
949	978498	18.903	18.6879
949	1.12515e+06	18.903	18.6975
949	1.28429e+06	18.903	18.7072
949	1.45499e+06	18.9029	18.7167
949	1.63588e+06	18.9029	18.7264
949	1.82511e+06	18.9029	18.7356
949	2.02032e+06	18.9028	18.7444
949	2.21875e+06	18.9028	18.7527
949	2.41718e+06	18.9027	18.76
949	2.6121e+06	18.9027	18.7669
949	2.79972e+06	18.9027	18.773
949	2.97615e+06	18.9026	18.7782
949	3.1375e+06	18.9026	18.7827
949	3.28006e+06	18.9026	18.7865
949	3.40038e+06	18.9026	18.7894
949	3.49548e+06	18.9026	18.7917
949	3.56294e+06	18.9025	18.7931
949	3.60102e+06	18.9025	18.794
946.847	0.100249	18.9103	17.9511
946.847	0.101321	18.9103	17.9511
946.847	0.103276	18.9103	17.9511
946.847	0.106164	18.9103	17.9511
946.847	0.110059	18.9103	17.9511
946.847	0.11506	18.9103	17.9511
946.847	0.121298	18.9103	17.9511
946.847	0.128942	18.9103	17.9511
946.847	0.138203	18.9103	17.9511
946.847	0.149347	18.9103	17.9511
946.847	0.162704	18.9103	17.9511
946.847	0.178684	18.9103	17.9511
946.847	0.197797	18.9103	17.9511
946.847	0.220676	18.9103	17.9511
946.847	0.248111	18.9103	17.9511
946.847	0.28109	18.9103	17.9511
946.847	0.320847	18.9103	17.9511
946.847	0.368933	18.9103	17.9511
946.847	0.427302	18.9103	17.9511
946.847	0.498424	18.9103	17.9511
946.847	0.585427	18.9103	17.9511
946.847	0.692292	18.9103	17.9511
946.847	0.824094	18.9103	17.9511
946.847	0.987329	18.9103	17.9511
946.847	1.19033	18.9103	17.9511
946.847	1.44382	18.9103	17.9511
946.847	1.76165	18.9103	17.9511
946.847	2.16172	18.9103	17.9511
946.847	2.66728	18.9103	17.9511
946.847	3.30853	18.9103	17.9511
946.847	4.12487	18.9103	17.9511
946.847	5.16771	18.9103	17.9511
946.847	6.50436	18.9103	17.9511
946.847	8.22302	18.9103	17.9511
946.847	10.4395	18.9103	17.9511
946.847	13.306	18.9103	17.9511
946.847	17.0228	18.9103	17.9511
946.847	21.8539	18.9103	17.9511
946.847	28.147	18.9103	17.9511
946.847	36.3608	18.9103	17.9511
946.847	47.1005	18.9103	17.9511
946.847	61.1643	18.9103	17.9511
946.847	79.6049	18.9103	17.9511
946.847	103.81	18.9103	17.9511
946.847	135.608	18.9103	17.9512
946.847	177.403	18.9103	17.9512
946.847	232.356	18.9103	17.9512
946.847	304.615	18.9103	17.9514
946.847	399.611	18.9103	17.9514
946.847	524.44	18.9103	17.9515
946.847	688.354	18.9103	17.9516
946.847	903.379	18.9103	17.9519
946.847	1185.1	18.9103	17.9522
946.847	1553.65	18.9103	17.9524
946.847	2034.92	18.9103	17.9528
946.847	2662.09	18.9103	17.9533
946.847	3477.51	18.9103	17.954
946.847	4534.9	18.9103	17.9546
946.847	5902.14	18.9103	17.9556
946.847	7664.47	18.9103	17.9569
946.847	9928.28	18.9103	17.9583
946.847	12825.5	18.9103	17.9601
946.847	16518.8	18.9103	17.9625
946.847	21206.8	18.9103	17.9651
946.847	27130.6	18.9103	17.9683
946.847	34580.2	18.9103	17.9723
946.847	43901.1	18.9103	17.9772
946.847	55501.2	18.9103	17.9828
946.847	69856.9	18.9103	17.9896
946.847	87518	18.9103	17.9973
946.847	109112	18.9102	18.0066
946.847	135344	18.9102	18.0171
946.847	166997	18.9102	18.0293
946.847	204922	18.9102	18.0432
946.847	250031	18.9101	18.0586
946.847	303277	18.9101	18.076
946.847	365633	18.91	18.0949
946.847	438057	18.91	18.1158
946.847	521456	18.9099	18.1386
946.847	616644	18.9099	18.1629
946.847	724284	18.9098	18.1887
946.847	844836	18.9097	18.216
946.847	978498	18.9096	18.2443
946.847	1.12515e+06	18.9095	18.2734
946.847	1.28429e+06	18.9094	18.303
946.847	1.45499e+06	18.9093	18.3326
946.847	1.63588e+06	18.9092	18.3618
946.847	1.82511e+06	18.909	18.39
946.847	2.02032e+06	18.9089	18.4169
946.847	2.21875e+06	18.9088	18.4419
946.847	2.41718e+06	18.9087	18.465
946.847	2.6121e+06	18.9086	18.4859
946.847	2.79972e+06	18.9084	18.5045
946.847	2.97615e+06	18.9083	18.5205
946.847	3.1375e+06	18.9083	18.5346
946.847	3.28006e+06	18.9082	18.5459
946.847	3.40038e+06	18.9081	18.5551
946.847	3.49548e+06	18.9081	18.5623
946.847	3.56294e+06	18.908	18.5669
946.847	3.60102e+06	18.908	18.5698
937.156	0.100249	18.9422	15.4739
937.156	0.101321	18.9422	15.4739
937.156	0.103276	18.9422	15.4739
937.156	0.106164	18.9422	15.4739
937.156	0.110059	18.9422	15.4739
937.156	0.11506	18.9422	15.4739
937.156	0.121298	18.9422	15.4739
937.156	0.128942	18.9422	15.4739
937.156	0.138203	18.9422	15.4739
937.156	0.149347	18.9422	15.4739
937.156	0.162704	18.9422	15.4739
937.156	0.178684	18.9422	15.4739
937.156	0.197797	18.9422	15.4739
937.156	0.220676	18.9422	15.4739
937.156	0.248111	18.9422	15.4739
937.156	0.28109	18.9422	15.4739
937.156	0.320847	18.9422	15.4739
937.156	0.368933	18.9422	15.4739
937.156	0.427302	18.9422	15.4739
937.156	0.498424	18.9422	15.4739
937.156	0.585427	18.9422	15.4739
937.156	0.692292	18.9422	15.4739
937.156	0.824094	18.9422	15.4739
937.156	0.987329	18.9422	15.4739
937.156	1.19033	18.9422	15.4739
937.156	1.44382	18.9422	15.4739
937.156	1.76165	18.9422	15.4739
937.156	2.16172	18.9422	15.4739
937.156	2.66728	18.9422	15.4739
937.156	3.30853	18.9422	15.4739
937.156	4.12487	18.9422	15.4739
937.156	5.16771	18.9422	15.4739
937.156	6.50436	18.9422	15.4739
937.156	8.22302	18.9422	15.4739
937.156	10.4395	18.9422	15.474
937.156	13.306	18.9422	15.474
937.156	17.0228	18.9422	15.474
937.156	21.8539	18.9422	15.474
937.156	28.147	18.9422	15.474
937.156	36.3608	18.9422	15.474
937.156	47.1005	18.9422	15.474
937.156	61.1643	18.9422	15.474
937.156	79.6049	18.9422	15.4741
937.156	103.81	18.9422	15.4742
937.156	135.608	18.9422	15.4742
937.156	177.403	18.9422	15.4744
937.156	232.356	18.9422	15.4744
937.156	304.615	18.9422	15.4746
937.156	399.611	18.9422	15.475
937.156	524.44	18.9422	15.4752
937.156	688.354	18.9422	15.4758
937.156	903.379	18.9422	15.4764
937.156	1185.1	18.9422	15.4771
937.156	1553.65	18.9422	15.4783
937.156	2034.92	18.9422	15.4795
937.156	2662.09	18.9422	15.4811
937.156	3477.51	18.9422	15.483
937.156	4534.9	18.9422	15.4854
937.156	5902.14	18.9422	15.4885
937.156	7664.47	18.9422	15.4924
937.156	9928.28	18.9422	15.4971
937.156	12825.5	18.9422	15.5031
937.156	16518.8	18.9422	15.5104
937.156	21206.8	18.9421	15.519
937.156	27130.6	18.9421	15.5294
937.156	34580.2	18.9421	15.5422
937.156	43901.1	18.942	15.5578
937.156	55501.2	18.942	15.5762
937.156	69856.9	18.9419	15.598
937.156	87518	18.9419	15.6236
937.156	109112	18.9418	15.6535
937.156	135344	18.9417	15.6879
937.156	166997	18.9416	15.7277
937.156	204922	18.9415	15.7728
937.156	250031	18.9413	15.8238
937.156	303277	18.9412	15.881
937.156	365633	18.941	15.9443
937.156	438057	18.9408	16.0141
937.156	521456	18.9405	16.09
937.156	616644	18.9403	16.1722
937.156	724284	18.94	16.2601
937.156	844836	18.9396	16.3532
937.156	978498	18.9392	16.4508
937.156	1.12515e+06	18.9388	16.5519
937.156	1.28429e+06	18.9383	16.6552
937.156	1.45499e+06	18.9379	16.7595
937.156	1.63588e+06	18.9374	16.8626
937.156	1.82511e+06	18.9368	16.9631
937.156	2.02032e+06	18.9363	17.0593
937.156	2.21875e+06	18.9358	17.15
937.156	2.41718e+06	18.9353	17.2337
937.156	2.6121e+06	18.9348	17.3096
937.156	2.79972e+06	18.9344	17.3777
937.156	2.97615e+06	18.934	17.4371
937.156	3.1375e+06	18.9336	17.4882
937.156	3.28006e+06	18.9333	17.5307
937.156	3.40038e+06	18.933	17.5649
937.156	3.49548e+06	18.9328	17.5909
937.156	3.56294e+06	18.9326	17.6087
937.156	3.60102e+06	18.9325	17.6187
897.531	0.100249	19.0742	9.44234
897.531	0.101321	19.0742	9.44234
897.531	0.103276	19.0742	9.44234
897.531	0.106164	19.0742	9.44234
897.531	0.110059	19.0742	9.44234
897.531	0.11506	19.0742	9.44234
897.531	0.121298	19.0742	9.44234
897.531	0.128942	19.0742	9.44234
897.531	0.138203	19.0742	9.44234
897.531	0.149347	19.0742	9.44234
897.531	0.162704	19.0742	9.44234
897.531	0.178684	19.0742	9.44234
897.531	0.197797	19.0742	9.44234
897.531	0.220676	19.0742	9.44234
897.531	0.248111	19.0742	9.44234
897.531	0.28109	19.0742	9.44234
897.531	0.320847	19.0742	9.44234
897.531	0.368933	19.0742	9.44234
897.531	0.427302	19.0742	9.44234
897.531	0.498424	19.0742	9.44234
897.531	0.585427	19.0742	9.44234
897.531	0.692292	19.0742	9.44234
897.531	0.824094	19.0742	9.44234
897.531	0.987329	19.0742	9.44234
897.531	1.19033	19.0742	9.44234
897.531	1.44382	19.0742	9.44234
897.531	1.76165	19.0742	9.44234
897.531	2.16172	19.0742	9.44234
897.531	2.66728	19.0742	9.44234
897.531	3.30853	19.0742	9.44234
897.531	4.12487	19.0742	9.44234
897.531	5.16771	19.0742	9.44234
897.531	6.50436	19.0742	9.44234
897.531	8.22302	19.0742	9.44234
897.531	10.4395	19.0742	9.44234
897.531	13.306	19.0742	9.44237
897.531	17.0228	19.0742	9.44243
897.531	21.8539	19.0742	9.44243
897.531	28.147	19.0742	9.44243
897.531	36.3608	19.0742	9.44252
897.531	47.1005	19.0742	9.44252
897.531	61.1643	19.0742	9.44261
897.531	79.6049	19.0742	9.4427
897.531	103.81	19.0742	9.44281
897.531	135.608	19.0742	9.44296
897.531	177.403	19.0742	9.44323
897.531	232.356	19.0742	9.44349
897.531	304.615	19.0742	9.44385
897.531	399.611	19.0742	9.44432
897.531	524.44	19.0742	9.44494
897.531	688.354	19.0742	9.44583
897.531	903.379	19.0742	9.44692
897.531	1185.1	19.0742	9.44843
897.531	1553.65	19.0742	9.45038
897.531	2034.92	19.0742	9.45281
897.531	2662.09	19.0742	9.45586
897.531	3477.51	19.0742	9.45956
897.531	4534.9	19.0741	9.46408
897.531	5902.14	19.0741	9.46992
897.531	7664.47	19.0741	9.47729
897.531	9928.28	19.074	9.48619
897.531	12825.5	19.074	9.49722
897.531	16518.8	19.0739	9.51085
897.531	21206.8	19.0738	9.52735
897.531	27130.6	19.0737	9.54722
897.531	34580.2	19.0736	9.57162
897.531	43901.1	19.0735	9.60114
897.531	55501.2	19.0733	9.63619
897.531	69856.9	19.073	9.67796
897.531	87518	19.0728	9.72735
897.531	109112	19.0724	9.78513
897.531	135344	19.072	9.85262
897.531	166997	19.0716	9.93067
897.531	204922	19.071	10.0203
897.531	250031	19.0704	10.1227
897.531	303277	19.0697	10.2386
897.531	365633	19.0689	10.3688
897.531	438057	19.0679	10.5142
897.531	521456	19.0669	10.6753
897.531	616644	19.0656	10.8524
897.531	724284	19.0643	11.0456
897.531	844836	19.0627	11.2543
897.531	978498	19.061	11.4777
897.531	1.12515e+06	19.0591	11.7143
897.531	1.28429e+06	19.0571	11.9614
897.531	1.45499e+06	19.0549	12.2157
897.531	1.63588e+06	19.0527	12.4734
897.531	1.82511e+06	19.0505	12.7297
897.531	2.02032e+06	19.0483	12.9798
897.531	2.21875e+06	19.0461	13.2196
897.531	2.41718e+06	19.0439	13.4451
897.531	2.6121e+06	19.0419	13.6533
897.531	2.79972e+06	19.04	13.842
897.531	2.97615e+06	19.0382	14.0094
897.531	3.1375e+06	19.0367	14.1548
897.531	3.28006e+06	19.0353	14.2772
897.531	3.40038e+06	19.0342	14.3764
897.531	3.49548e+06	19.0333	14.4522
897.531	3.56294e+06	19.0327	14.5046
897.531	3.60102e+06	19.0324	14.5338
841.048	0.100249	19.2672	5.64795
841.048	0.101321	19.2672	5.64795
841.048	0.103276	19.2672	5.64795
841.048	0.106164	19.2672	5.64795
841.048	0.110059	19.2672	5.64795
841.048	0.11506	19.2672	5.64795
841.048	0.121298	19.2672	5.64795
841.048	0.128942	19.2672	5.64795
841.048	0.138203	19.2672	5.64795
841.048	0.149347	19.2672	5.64795
841.048	0.162704	19.2672	5.64795
841.048	0.178684	19.2672	5.64795
841.048	0.197797	19.2672	5.64795
841.048	0.220676	19.2672	5.64795
841.048	0.248111	19.2672	5.64796
841.048	0.28109	19.2672	5.64796
841.048	0.320847	19.2672	5.64796
841.048	0.368933	19.2672	5.64796
841.048	0.427302	19.2672	5.64796
841.048	0.498424	19.2672	5.64796
841.048	0.585427	19.2672	5.64796
841.048	0.692292	19.2672	5.64796
841.048	0.824094	19.2672	5.64796
841.048	0.987329	19.2672	5.64796
841.048	1.19033	19.2672	5.64796
841.048	1.44382	19.2672	5.64796
841.048	1.76165	19.2672	5.64796
841.048	2.16172	19.2672	5.64796
841.048	2.66728	19.2672	5.64796
841.048	3.30853	19.2672	5.64796
841.048	4.12487	19.2672	5.64796
841.048	5.16771	19.2672	5.64796
841.048	6.50436	19.2672	5.64797
841.048	8.22302	19.2672	5.648
841.048	10.4395	19.2672	5.648
841.048	13.306	19.2672	5.648
841.048	17.0228	19.2672	5.64804
841.048	21.8539	19.2672	5.64805
841.048	28.147	19.2672	5.64807
841.048	36.3608	19.2672	5.64811
841.048	47.1005	19.2672	5.64819
841.048	61.1643	19.2672	5.64824
841.048	79.6049	19.2672	5.64834
841.048	103.81	19.2672	5.64845
841.048	135.608	19.2672	5.64861
841.048	177.403	19.2672	5.64882
841.048	232.356	19.2672	5.6491
841.048	304.615	19.2672	5.64947
841.048	399.611	19.2672	5.64993
841.048	524.44	19.2672	5.65057
841.048	688.354	19.2672	5.6514
841.048	903.379	19.2672	5.65249
841.048	1185.1	19.2672	5.65389
841.048	1553.65	19.2672	5.65563
841.048	2034.92	19.2672	5.6579
841.048	2662.09	19.2671	5.66068
841.048	3477.51	19.2671	5.66417
841.048	4534.9	19.2671	5.66849
841.048	5902.14	19.267	5.67402
841.048	7664.47	19.2669	5.68094
841.048	9928.28	19.2668	5.68944
841.048	12825.5	19.2667	5.69989
841.048	16518.8	19.2666	5.71274
841.048	21206.8	19.2664	5.72831
841.048	27130.6	19.2662	5.74722
841.048	34580.2	19.2659	5.77046
841.048	43901.1	19.2655	5.79854
841.048	55501.2	19.2651	5.83207
841.048	69856.9	19.2646	5.87213
841.048	87518	19.2639	5.91952
841.048	109112	19.2632	5.97546
841.048	135344	19.2623	6.04102
841.048	166997	19.2612	6.11731
841.048	204922	19.2599	6.20563
841.048	250031	19.2585	6.30733
841.048	303277	19.2568	6.4236
841.048	365633	19.2549	6.5558
841.048	438057	19.2527	6.70527
841.048	521456	19.2502	6.87317
841.048	616644	19.2473	7.06062
841.048	724284	19.244	7.2685
841.048	844836	19.2403	7.49726
841.048	978498	19.2363	7.74684
841.048	1.12515e+06	19.2318	8.01607
841.048	1.28429e+06	19.2271	8.30302
841.048	1.45499e+06	19.2222	8.60413
841.048	1.63588e+06	19.2172	8.9148
841.048	1.82511e+06	19.2121	9.22948
841.048	2.02032e+06	19.2071	9.54221
841.048	2.21875e+06	19.2022	9.84693
841.048	2.41718e+06	19.1974	10.1382
841.048	2.6121e+06	19.1929	10.4113
841.048	2.79972e+06	19.1888	10.6624
841.048	2.97615e+06	19.185	10.888
841.048	3.1375e+06	19.1816	11.0859
841.048	3.28006e+06	19.1787	11.2542
841.048	3.40038e+06	19.1764	11.3918
841.048	3.49548e+06	19.1745	11.4976
841.048	3.56294e+06	19.1732	11.5711
841.048	3.60102e+06	19.1725	11.6121
784.565	0.100249	19.4666	3.82694
784.565	0.101321	19.4666	3.82694
784.565	0.103276	19.4666	3.82694
784.565	0.106164	19.4666	3.82694
784.565	0.110059	19.4666	3.82694
784.565	0.11506	19.4666	3.82694
784.565	0.121298	19.4666	3.82694
784.565	0.128942	19.4666	3.82694
784.565	0.138203	19.4666	3.82694
784.565	0.149347	19.4666	3.82694
784.565	0.162704	19.4666	3.82694
784.565	0.178684	19.4666	3.82694
784.565	0.197797	19.4666	3.82694
784.565	0.220676	19.4666	3.82694
784.565	0.248111	19.4666	3.82694
784.565	0.28109	19.4666	3.82694
784.565	0.320847	19.4666	3.82694
784.565	0.368933	19.4666	3.82694
784.565	0.427302	19.4666	3.82694
784.565	0.498424	19.4666	3.82694
784.565	0.585427	19.4666	3.82694
784.565	0.692292	19.4666	3.82694
784.565	0.824094	19.4666	3.82694
784.565	0.987329	19.4666	3.82694
784.565	1.19033	19.4666	3.82694
784.565	1.44382	19.4666	3.82694
784.565	1.76165	19.4666	3.82694
784.565	2.16172	19.4666	3.82696
784.565	2.66728	19.4666	3.82696
784.565	3.30853	19.4666	3.82696
784.565	4.12487	19.4666	3.82696
784.565	5.16771	19.4666	3.82696
784.565	6.50436	19.4666	3.82696
784.565	8.22302	19.4666	3.82698
784.565	10.4395	19.4666	3.82698
784.565	13.306	19.4666	3.827
784.565	17.0228	19.4666	3.82702
784.565	21.8539	19.4666	3.82704
784.565	28.147	19.4666	3.82706
784.565	36.3608	19.4666	3.82709
784.565	47.1005	19.4666	3.82714
784.565	61.1643	19.4666	3.8272
784.565	79.6049	19.4666	3.82729
784.565	103.81	19.4666	3.82739
784.565	135.608	19.4666	3.82753
784.565	177.403	19.4666	3.82771
784.565	232.356	19.4666	3.82794
784.565	304.615	19.4666	3.82826
784.565	399.611	19.4666	3.82867
784.565	524.44	19.4666	3.8292
784.565	688.354	19.4666	3.8299
784.565	903.379	19.4666	3.83083
784.565	1185.1	19.4665	3.832
784.565	1553.65	19.4665	3.8335
784.565	2034.92	19.4665	3.83541
784.565	2662.09	19.4664	3.83779
784.565	3477.51	19.4664	3.84077
784.565	4534.9	19.4663	3.84446
784.565	5902.14	19.4662	3.84918
784.565	7664.47	19.4661	3.85504
784.565	9928.28	19.4659	3.86222
784.565	12825.5	19.4657	3.87111
784.565	16518.8	19.4655	3.88206
784.565	21206.8	19.4652	3.89532
784.565	27130.6	19.4648	3.91152
784.565	34580.2	19.4643	3.93138
784.565	43901.1	19.4637	3.95534
784.565	55501.2	19.463	3.98408
784.565	69856.9	19.4621	4.01842
784.565	87518	19.461	4.05919
784.565	109112	19.4597	4.10744
784.565	135344	19.4582	4.16416
784.565	166997	19.4564	4.23048
784.565	204922	19.4542	4.30764
784.565	250031	19.4517	4.39692
784.565	303277	19.4488	4.49971
784.565	365633	19.4455	4.6175
784.565	438057	19.4416	4.75176
784.565	521456	19.4372	4.90407
784.565	616644	19.4321	5.0759
784.565	724284	19.4264	5.26866
784.565	844836	19.42	5.48338
784.565	978498	19.4129	5.72049
784.565	1.12515e+06	19.4053	5.97959
784.565	1.28429e+06	19.3972	6.25895
784.565	1.45499e+06	19.3889	6.55565
784.565	1.63588e+06	19.3804	6.86521
784.565	1.82511e+06	19.3719	7.18224
784.565	2.02032e+06	19.3636	7.5007
784.565	2.21875e+06	19.3555	7.81437
784.565	2.41718e+06	19.3478	8.11738
784.565	2.6121e+06	19.3406	8.4043
784.565	2.79972e+06	19.3339	8.67044
784.565	2.97615e+06	19.3279	8.91175
784.565	3.1375e+06	19.3226	9.12491
784.565	3.28006e+06	19.3181	9.30753
784.565	3.40038e+06	19.3144	9.45744
784.565	3.49548e+06	19.3116	9.57328
784.565	3.56294e+06	19.3096	9.65406
784.565	3.60102e+06	19.3085	9.69923
703.122	0.100249	19.7672	2.48162
703.122	0.101321	19.7672	2.48162
703.122	0.103276	19.7672	2.48162
703.122	0.106164	19.7672	2.48162
703.122	0.110059	19.7672	2.48162
703.122	0.11506	19.7672	2.48162
703.122	0.121298	19.7672	2.48162
703.122	0.128942	19.7672	2.48162
703.122	0.138203	19.7672	2.48162
703.122	0.149347	19.7672	2.48162
703.122	0.162704	19.7672	2.48162
703.122	0.178684	19.7672	2.48162
703.122	0.197797	19.7672	2.48162
703.122	0.220676	19.7672	2.48162
703.122	0.248111	19.7672	2.48162
703.122	0.28109	19.7672	2.48162
703.122	0.320847	19.7672	2.48162
703.122	0.368933	19.7672	2.48162
703.122	0.427302	19.7672	2.48162
703.122	0.498424	19.7672	2.48162
703.122	0.585427	19.7672	2.48162
703.122	0.692292	19.7672	2.48162
703.122	0.824094	19.7672	2.48162
703.122	0.987329	19.7672	2.48163
703.122	1.19033	19.7672	2.48163
703.122	1.44382	19.7672	2.48163
703.122	1.76165	19.7672	2.48163
703.122	2.16172	19.7672	2.48163
703.122	2.66728	19.7672	2.48163
703.122	3.30853	19.7672	2.48163
703.122	4.12487	19.7672	2.48164
703.122	5.16771	19.7672	2.48164
703.122	6.50436	19.7672	2.48165
703.122	8.22302	19.7672	2.48165
703.122	10.4395	19.7672	2.48166
703.122	13.306	19.7672	2.48167
703.122	17.0228	19.7672	2.48168
703.122	21.8539	19.7672	2.48169
703.122	28.147	19.7672	2.48172
703.122	36.3608	19.7672	2.48175
703.122	47.1005	19.7672	2.48179
703.122	61.1643	19.7672	2.48184
703.122	79.6049	19.7672	2.4819
703.122	103.81	19.7671	2.48198
703.122	135.608	19.7671	2.4821
703.122	177.403	19.7671	2.48225
703.122	232.356	19.7671	2.48244
703.122	304.615	19.7671	2.48269
703.122	399.611	19.7671	2.48303
703.122	524.44	19.7671	2.48347
703.122	688.354	19.7671	2.48404
703.122	903.379	19.7671	2.48478
703.122	1185.1	19.767	2.48572
703.122	1553.65	19.767	2.48693
703.122	2034.92	19.7669	2.48845
703.122	2662.09	19.7668	2.49036
703.122	3477.51	19.7667	2.49274
703.122	4534.9	19.7666	2.49573
703.122	5902.14	19.7665	2.49951
703.122	7664.47	19.7662	2.50417
703.122	9928.28	19.766	2.50995
703.122	12825.5	19.7656	2.51708
703.122	16518.8	19.7652	2.52583
703.122	21206.8	19.7647	2.53652
703.122	27130.6	19.764	2.54961
703.122	34580.2	19.7631	2.56557
703.122	43901.1	19.7621	2.58487
703.122	55501.2	19.7608	2.60806
703.122	69856.9	19.7592	2.63583
703.122	87518	19.7572	2.66888
703.122	109112	19.7549	2.7081
703.122	135344	19.7521	2.75437
703.122	166997	19.7488	2.80872
703.122	204922	19.7448	2.87225
703.122	250031	19.7402	2.94625
703.122	303277	19.7348	3.03206
703.122	365633	19.7286	3.13118
703.122	438057	19.7213	3.24524
703.122	521456	19.7129	3.37599
703.122	616644	19.7034	3.5252
703.122	724284	19.6926	3.69456
703.122	844836	19.6807	3.8855
703.122	978498	19.6677	4.09881
703.122	1.12515e+06	19.654	4.33448
703.122	1.28429e+06	19.6396	4.59113
703.122	1.45499e+06	19.625	4.86622
703.122	1.63588e+06	19.6103	5.15586
703.122	1.82511e+06	19.5957	5.45517
703.122	2.02032e+06	19.5816	5.75864
703.122	2.21875e+06	19.5681	6.06037
703.122	2.41718e+06	19.5553	6.35454
703.122	2.6121e+06	19.5435	6.63562
703.122	2.79972e+06	19.5328	6.89855
703.122	2.97615e+06	19.5232	7.13874
703.122	3.1375e+06	19.515	7.35251
703.122	3.28006e+06	19.508	7.53666
703.122	3.40038e+06	19.5023	7.68863
703.122	3.49548e+06	19.498	7.80653
703.122	3.56294e+06	19.495	7.88902
703.122	3.60102e+06	19.4933	7.93513
618.283	0.100249	20.1003	1.75409
618.283	0.101321	20.1003	1.75409
618.283	0.103276	20.1003	1.75409
618.283	0.106164	20.1003	1.75409
618.283	0.110059	20.1003	1.75409
618.283	0.11506	20.1003	1.75409
618.283	0.121298	20.1003	1.75409
618.283	0.128942	20.1003	1.75409
618.283	0.138203	20.1003	1.75409
618.283	0.149347	20.1003	1.75409
618.283	0.162704	20.1003	1.75409
618.283	0.178684	20.1003	1.75409
618.283	0.197797	20.1003	1.75409
618.283	0.220676	20.1003	1.75409
618.283	0.248111	20.1003	1.75409
618.283	0.28109	20.1003	1.75409
618.283	0.320847	20.1003	1.75409
618.283	0.368933	20.1003	1.75409
618.283	0.427302	20.1003	1.75409
618.283	0.498424	20.1003	1.75409
618.283	0.585427	20.1003	1.75409
618.283	0.692292	20.1003	1.75409
618.283	0.824094	20.1003	1.75409
618.283	0.987329	20.1003	1.75409
618.283	1.19033	20.1003	1.75409
618.283	1.44382	20.1003	1.75409
618.283	1.76165	20.1003	1.7541
618.283	2.16172	20.1003	1.7541
618.283	2.66728	20.1003	1.7541
618.283	3.30853	20.1003	1.7541
618.283	4.12487	20.1003	1.7541
618.283	5.16771	20.1003	1.75411
618.283	6.50436	20.1003	1.75411
618.283	8.22302	20.1003	1.75411
618.283	10.4395	20.1003	1.75412
618.283	13.306	20.1003	1.75413
618.283	17.0228	20.1003	1.75414
618.283	21.8539	20.1003	1.75415
618.283	28.147	20.1003	1.75418
618.283	36.3608	20.1003	1.7542
618.283	47.1005	20.1003	1.75423
618.283	61.1643	20.1003	1.75428
618.283	79.6049	20.1003	1.75433
618.283	103.81	20.1003	1.75441
618.283	135.608	20.1003	1.75451
618.283	177.403	20.1003	1.75464
618.283	232.356	20.1003	1.75481
618.283	304.615	20.1002	1.75502
618.283	399.611	20.1002	1.7553
618.283	524.44	20.1002	1.75568
618.283	688.354	20.1002	1.75616
618.283	903.379	20.1001	1.75678
618.283	1185.1	20.1001	1.75758
618.283	1553.65	20.1	1.75859
618.283	2034.92	20.0999	1.75986
618.283	2662.09	20.0998	1.76144
618.283	3477.51	20.0996	1.76343
618.283	4534.9	20.0994	1.76594
618.283	5902.14	20.0991	1.76908
618.283	7664.47	20.0988	1.77298
618.283	9928.28	20.0983	1.77781
618.283	12825.5	20.0978	1.78378
618.283	16518.8	20.0971	1.79111
618.283	21206.8	20.0962	1.80009
618.283	27130.6	20.095	1.81106
618.283	34580.2	20.0936	1.82444
618.283	43901.1	20.0918	1.84063
618.283	55501.2	20.0896	1.86011
618.283	69856.9	20.0869	1.88348
618.283	87518	20.0836	1.91136
618.283	109112	20.0796	1.94451
618.283	135344	20.0748	1.98376
618.283	166997	20.0691	2.03003
618.283	204922	20.0622	2.08437
618.283	250031	20.0541	2.14801
618.283	303277	20.0446	2.22228
618.283	365633	20.0334	2.3087
618.283	438057	20.0205	2.40898
618.283	521456	20.0057	2.52493
618.283	616644	19.9889	2.65843
618.283	724284	19.9703	2.81128
618.283	844836	19.95	2.98489
618.283	978498	19.9284	3.18009
618.283	1.12515e+06	19.9058	3.39677
618.283	1.28429e+06	19.8827	3.63381
618.283	1.45499e+06	19.8594	3.88885
618.283	1.63588e+06	19.8364	4.15856
618.283	1.82511e+06	19.8141	4.43862
618.283	2.02032e+06	19.7927	4.72399
618.283	2.21875e+06	19.7724	5.00924
618.283	2.41718e+06	19.7537	5.28888
618.283	2.6121e+06	19.7365	5.55743
618.283	2.79972e+06	19.7212	5.80988
618.283	2.97615e+06	19.7076	6.0416
618.283	3.1375e+06	19.696	6.24866
618.283	3.28006e+06	19.6863	6.42769
618.283	3.40038e+06	19.6785	6.57591
618.283	3.49548e+06	19.6726	6.69124
618.283	3.56294e+06	19.6686	6.77206
618.283	3.60102e+06	19.6663	6.81731
533.443	0.100249	20.4591	1.34065
533.443	0.101321	20.4591	1.34065
533.443	0.103276	20.4591	1.34065
533.443	0.106164	20.4591	1.34065
533.443	0.110059	20.4591	1.34065
533.443	0.11506	20.4591	1.34065
533.443	0.121298	20.4591	1.34065
533.443	0.128942	20.4591	1.34065
533.443	0.138203	20.4591	1.34065
533.443	0.149347	20.4591	1.34065
533.443	0.162704	20.4591	1.34065
533.443	0.178684	20.4591	1.34065
533.443	0.197797	20.4591	1.34065
533.443	0.220676	20.4591	1.34065
533.443	0.248111	20.4591	1.34065
533.443	0.28109	20.4591	1.34065
533.443	0.320847	20.4591	1.34065
533.443	0.368933	20.4591	1.34065
533.443	0.427302	20.4591	1.34065
533.443	0.498424	20.4591	1.34065
533.443	0.585427	20.4591	1.34065
533.443	0.692292	20.4591	1.34065
533.443	0.824094	20.4591	1.34065
533.443	0.987329	20.4591	1.34065
533.443	1.19033	20.4591	1.34065
533.443	1.44382	20.4591	1.34065
533.443	1.76165	20.4591	1.34065
533.443	2.16172	20.4591	1.34065
533.443	2.66728	20.4591	1.34066
533.443	3.30853	20.4591	1.34066
533.443	4.12487	20.4591	1.34066
533.443	5.16771	20.4591	1.34066
533.443	6.50436	20.4591	1.34067
533.443	8.22302	20.4591	1.34067
533.443	10.4395	20.4591	1.34068
533.443	13.306	20.4591	1.34068
533.443	17.0228	20.4591	1.34069
533.443	21.8539	20.4591	1.34071
533.443	28.147	20.4591	1.34073
533.443	36.3608	20.459	1.34074
533.443	47.1005	20.459	1.34077
533.443	61.1643	20.459	1.34081
533.443	79.6049	20.459	1.34086
533.443	103.81	20.459	1.34093
533.443	135.608	20.459	1.34102
533.443	177.403	20.459	1.34114
533.443	232.356	20.459	1.34129
533.443	304.615	20.459	1.34149
533.443	399.611	20.4589	1.34174
533.443	524.44	20.4589	1.34207
533.443	688.354	20.4588	1.3425
533.443	903.379	20.4588	1.34305
533.443	1185.1	20.4587	1.34376
533.443	1553.65	20.4586	1.34465
533.443	2034.92	20.4584	1.34577
533.443	2662.09	20.4582	1.34717
533.443	3477.51	20.458	1.34894
533.443	4534.9	20.4576	1.35114
533.443	5902.14	20.4572	1.35392
533.443	7664.47	20.4566	1.35736
533.443	9928.28	20.4559	1.36163
533.443	12825.5	20.455	1.36691
533.443	16518.8	20.4538	1.37339
533.443	21206.8	20.4523	1.38134
533.443	27130.6	20.4505	1.39106
533.443	34580.2	20.4481	1.40291
533.443	43901.1	20.4452	1.41726
533.443	55501.2	20.4415	1.43454
533.443	69856.9	20.437	1.45531
533.443	87518	20.4315	1.48015
533.443	109112	20.4248	1.50975
533.443	135344	20.4166	1.54489
533.443	166997	20.4068	1.58649
533.443	204922	20.395	1.63559
533.443	250031	20.381	1.69337
533.443	303277	20.3645	1.76123
533.443	365633	20.3453	1.84074
533.443	438057	20.3232	1.93362
533.443	521456	20.2982	2.04173
533.443	616644	20.2704	2.16692
533.443	724284	20.2402	2.31081
533.443	844836	20.2081	2.47466
533.443	978498	20.1747	2.65907
533.443	1.12515e+06	20.1405	2.86387
533.443	1.28429e+06	20.1063	3.08802
533.443	1.45499e+06	20.0726	3.32945
533.443	1.63588e+06	20.0399	3.5851
533.443	1.82511e+06	20.0086	3.85103
533.443	2.02032e+06	19.9791	4.1226
533.443	2.21875e+06	19.9517	4.39476
533.443	2.41718e+06	19.9266	4.66219
533.443	2.6121e+06	19.9038	4.91972
533.443	2.79972e+06	19.8837	5.16245
533.443	2.97615e+06	19.8662	5.38586
533.443	3.1375e+06	19.8513	5.58601
533.443	3.28006e+06	19.839	5.75942
533.443	3.40038e+06	19.8292	5.90334
533.443	3.49548e+06	19.8219	6.01549
533.443	3.56294e+06	19.8168	6.09418
533.443	3.60102e+06	19.814	6.13826
483.787	0.100249	20.6828	1.18291
483.787	0.101321	20.6828	1.18291
483.787	0.103276	20.6828	1.18291
483.787	0.106164	20.6828	1.18291
483.787	0.110059	20.6828	1.18291
483.787	0.11506	20.6828	1.18291
483.787	0.121298	20.6828	1.18291
483.787	0.128942	20.6828	1.18291
483.787	0.138203	20.6828	1.18291
483.787	0.149347	20.6828	1.18291
483.787	0.162704	20.6828	1.18291
483.787	0.178684	20.6828	1.18291
483.787	0.197797	20.6828	1.18291
483.787	0.220676	20.6828	1.18291
483.787	0.248111	20.6828	1.18291
483.787	0.28109	20.6828	1.18291
483.787	0.320847	20.6828	1.18291
483.787	0.368933	20.6828	1.18291
483.787	0.427302	20.6828	1.18291
483.787	0.498424	20.6828	1.18291
483.787	0.585427	20.6828	1.18291
483.787	0.692292	20.6828	1.18291
483.787	0.824094	20.6828	1.18291
483.787	0.987329	20.6828	1.18291
483.787	1.19033	20.6828	1.18291
483.787	1.44382	20.6828	1.18291
483.787	1.76165	20.6828	1.18291
483.787	2.16172	20.6828	1.18291
483.787	2.66728	20.6828	1.18291
483.787	3.30853	20.6828	1.18292
483.787	4.12487	20.6828	1.18292
483.787	5.16771	20.6828	1.18292
483.787	6.50436	20.6828	1.18292
483.787	8.22302	20.6828	1.18293
483.787	10.4395	20.6828	1.18294
483.787	13.306	20.6828	1.18294
483.787	17.0228	20.6828	1.18295
483.787	21.8539	20.6828	1.18297
483.787	28.147	20.6828	1.18298
483.787	36.3608	20.6828	1.18301
483.787	47.1005	20.6828	1.18303
483.787	61.1643	20.6828	1.18307
483.787	79.6049	20.6827	1.18312
483.787	103.81	20.6827	1.18318
483.787	135.608	20.6827	1.18327
483.787	177.403	20.6827	1.18338
483.787	232.356	20.6827	1.18353
483.787	304.615	20.6827	1.18372
483.787	399.611	20.6826	1.18396
483.787	524.44	20.6826	1.18428
483.787	688.354	20.6825	1.18469
483.787	903.379	20.6824	1.18521
483.787	1185.1	20.6823	1.18589
483.787	1553.65	20.6821	1.18673
483.787	2034.92	20.6819	1.1878
483.787	2662.09	20.6817	1.18914
483.787	3477.51	20.6813	1.19082
483.787	4534.9	20.6809	1.19293
483.787	5902.14	20.6803	1.19557
483.787	7664.47	20.6795	1.19885
483.787	9928.28	20.6786	1.20292
483.787	12825.5	20.6774	1.20795
483.787	16518.8	20.6758	1.21413
483.787	21206.8	20.6738	1.22172
483.787	27130.6	20.6713	1.231
483.787	34580.2	20.6681	1.2423
483.787	43901.1	20.6642	1.256
483.787	55501.2	20.6592	1.27253
483.787	69856.9	20.6531	1.2924
483.787	87518	20.6456	1.3162
483.787	109112	20.6364	1.3446
483.787	135344	20.6252	1.3784
483.787	166997	20.6116	1.4185
483.787	204922	20.5954	1.46596
483.787	250031	20.5762	1.522
483.787	303277	20.5536	1.58803
483.787	365633	20.5275	1.66565
483.787	438057	20.4977	1.7566
483.787	521456	20.4644	1.86269
483.787	616644	20.428	1.98565
483.787	724284	20.3891	2.12697
483.787	844836	20.3484	2.28776
483.787	978498	20.3066	2.46853
483.787	1.12515e+06	20.2646	2.66912
483.787	1.28429e+06	20.2232	2.88851
483.787	1.45499e+06	20.1829	3.12473
483.787	1.63588e+06	20.1442	3.37483
483.787	1.82511e+06	20.1076	3.63503
483.787	2.02032e+06	20.0734	3.90085
483.787	2.21875e+06	20.0419	4.16741
483.787	2.41718e+06	20.0131	4.42952
483.787	2.6121e+06	19.9874	4.68221
483.787	2.79972e+06	19.9647	4.92058
483.787	2.97615e+06	19.945	5.1402
483.787	3.1375e+06	19.9284	5.33713
483.787	3.28006e+06	19.9146	5.50792
483.787	3.40038e+06	19.9037	5.64976
483.787	3.49548e+06	19.8955	5.76035
483.787	3.56294e+06	19.8899	5.838
483.787	3.60102e+06	19.8869	5.88154
422.569	0.100249	20.9725	1.0473
422.569	0.101321	20.9725	1.0473
422.569	0.103276	20.9725	1.0473
422.569	0.106164	20.9725	1.0473
422.569	0.110059	20.9725	1.0473
422.569	0.11506	20.9725	1.0473
422.569	0.121298	20.9725	1.0473
422.569	0.128942	20.9725	1.0473
422.569	0.138203	20.9725	1.0473
422.569	0.149347	20.9725	1.0473
422.569	0.162704	20.9725	1.0473
422.569	0.178684	20.9725	1.0473
422.569	0.197797	20.9725	1.0473
422.569	0.220676	20.9725	1.0473
422.569	0.248111	20.9725	1.0473
422.569	0.28109	20.9725	1.0473
422.569	0.320847	20.9725	1.0473
422.569	0.368933	20.9725	1.0473
422.569	0.427302	20.9725	1.0473
422.569	0.498424	20.9725	1.0473
422.569	0.585427	20.9725	1.0473
422.569	0.692292	20.9725	1.0473
422.569	0.824094	20.9725	1.04731
422.569	0.987329	20.9725	1.04731
422.569	1.19033	20.9725	1.04731
422.569	1.44382	20.9725	1.04731
422.569	1.76165	20.9725	1.04731
422.569	2.16172	20.9725	1.04731
422.569	2.66728	20.9725	1.04731
422.569	3.30853	20.9725	1.04731
422.569	4.12487	20.9725	1.04731
422.569	5.16771	20.9725	1.04732
422.569	6.50436	20.9725	1.04732
422.569	8.22302	20.9725	1.04732
422.569	10.4395	20.9725	1.04733
422.569	13.306	20.9725	1.04734
422.569	17.0228	20.9725	1.04735
422.569	21.8539	20.9725	1.04736
422.569	28.147	20.9725	1.04738
422.569	36.3608	20.9725	1.0474
422.569	47.1005	20.9725	1.04743
422.569	61.1643	20.9725	1.04747
422.569	79.6049	20.9725	1.04752
422.569	103.81	20.9725	1.04758
422.569	135.608	20.9724	1.04766
422.569	177.403	20.9724	1.04777
422.569	232.356	20.9724	1.04791
422.569	304.615	20.9723	1.04809
422.569	399.611	20.9723	1.04833
422.569	524.44	20.9722	1.04863
422.569	688.354	20.9721	1.04903
422.569	903.379	20.972	1.04954
422.569	1185.1	20.9718	1.05019
422.569	1553.65	20.9716	1.05101
422.569	2034.92	20.9713	1.05203
422.569	2662.09	20.9709	1.05332
422.569	3477.51	20.9704	1.05494
422.569	4534.9	20.9698	1.05697
422.569	5902.14	20.9689	1.05951
422.569	7664.47	20.9678	1.06267
422.569	9928.28	20.9665	1.0666
422.569	12825.5	20.9647	1.07145
422.569	16518.8	20.9624	1.07742
422.569	21206.8	20.9595	1.08474
422.569	27130.6	20.9558	1.0937
422.569	34580.2	20.9512	1.10463
422.569	43901.1	20.9454	1.11789
422.569	55501.2	20.9381	1.1339
422.569	69856.9	20.9291	1.15318
422.569	87518	20.9179	1.17631
422.569	109112	20.9042	1.20399
422.569	135344	20.8876	1.23702
422.569	166997	20.8675	1.27633
422.569	204922	20.8435	1.32301
422.569	250031	20.8152	1.37833
422.569	303277	20.7822	1.44373
422.569	365633	20.7446	1.52082
422.569	438057	20.7025	1.61128
422.569	521456	20.6565	1.71679
422.569	616644	20.6073	1.83889
422.569	724284	20.5559	1.97894
422.569	844836	20.5033	2.13789
422.569	978498	20.4506	2.31625
422.569	1.12515e+06	20.3986	2.51381
422.569	1.28429e+06	20.3482	2.72958
422.569	1.45499e+06	20.3	2.96166
422.569	1.63588e+06	20.2543	3.20721
422.569	1.82511e+06	20.2115	3.46261
422.569	2.02032e+06	20.172	3.72357
422.569	2.21875e+06	20.1359	3.98531
422.569	2.41718e+06	20.1032	4.24288
422.569	2.6121e+06	20.074	4.49128
422.569	2.79972e+06	20.0484	4.72584
422.569	2.97615e+06	20.0263	4.94209
422.569	3.1375e+06	20.0076	5.13612
422.569	3.28006e+06	19.9922	5.30455
422.569	3.40038e+06	19.9801	5.44454
422.569	3.49548e+06	19.9709	5.5537
422.569	3.56294e+06	19.9647	5.6304
422.569	3.60102e+06	19.9613	5.6734
361.35	0.100249	21.2728	0.96227
361.35	0.101321	21.2728	0.96227
361.35	0.103276	21.2728	0.96227
361.35	0.106164	21.2728	0.96227
361.35	0.110059	21.2728	0.96227
361.35	0.11506	21.2728	0.96227
361.35	0.121298	21.2728	0.96227
361.35	0.128942	21.2728	0.96227
361.35	0.138203	21.2728	0.962272
361.35	0.149347	21.2728	0.962272
361.35	0.162704	21.2728	0.962272
361.35	0.178684	21.2728	0.962272
361.35	0.197797	21.2728	0.962272
361.35	0.220676	21.2728	0.962272
361.35	0.248111	21.2728	0.962272
361.35	0.28109	21.2728	0.962272
361.35	0.320847	21.2728	0.962272
361.35	0.368933	21.2728	0.962272
361.35	0.427302	21.2728	0.962272
361.35	0.498424	21.2728	0.962272
361.35	0.585427	21.2728	0.962272
361.35	0.692292	21.2728	0.962272
361.35	0.824094	21.2728	0.962274
361.35	0.987329	21.2728	0.962274
361.35	1.19033	21.2728	0.962274
361.35	1.44382	21.2728	0.962274
361.35	1.76165	21.2728	0.962275
361.35	2.16172	21.2728	0.962276
361.35	2.66728	21.2728	0.962278
361.35	3.30853	21.2728	0.96228
361.35	4.12487	21.2728	0.962282
361.35	5.16771	21.2728	0.962285
361.35	6.50436	21.2728	0.962288
361.35	8.22302	21.2728	0.962293
361.35	10.4395	21.2728	0.962299
361.35	13.306	21.2728	0.962306
361.35	17.0228	21.2728	0.962316
361.35	21.8539	21.2728	0.962329
361.35	28.147	21.2728	0.962346
361.35	36.3608	21.2728	0.962367
361.35	47.1005	21.2728	0.962395
361.35	61.1643	21.2728	0.962433
361.35	79.6049	21.2727	0.962476
361.35	103.81	21.2727	0.962541
361.35	135.608	21.2727	0.962623
361.35	177.403	21.2727	0.962732
361.35	232.356	21.2726	0.96287
361.35	304.615	21.2725	0.963048
361.35	399.611	21.2725	0.963285
361.35	524.44	21.2723	0.963581
361.35	688.354	21.2722	0.963971
361.35	903.379	21.272	0.964469
361.35	1185.1	21.2718	0.965106
361.35	1553.65	21.2714	0.965902
361.35	2034.92	21.271	0.966911
361.35	2662.09	21.2704	0.968174
361.35	3477.51	21.2697	0.969762
361.35	4534.9	21.2688	0.97176
361.35	5902.14	21.2676	0.97426
361.35	7664.47	21.266	0.97737
361.35	9928.28	21.2639	0.981225
361.35	12825.5	21.2613	0.986001
361.35	16518.8	21.258	0.991888
361.35	21206.8	21.2537	0.999109
361.35	27130.6	21.2483	1.00796
361.35	34580.2	21.2414	1.01877
361.35	43901.1	21.2327	1.03189
361.35	55501.2	21.2219	1.04778
361.35	69856.9	21.2085	1.06695
361.35	87518	21.1919	1.09001
361.35	109112	21.1716	1.11768
361.35	135344	21.1469	1.15078
361.35	166997	21.1172	1.19028
361.35	204922	21.0821	1.23734
361.35	250031	21.0411	1.29323
361.35	303277	20.9943	1.3594
361.35	365633	20.942	1.43736
361.35	438057	20.8849	1.52869
361.35	521456	20.824	1.6349
361.35	616644	20.7606	1.75744
361.35	724284	20.696	1.89755
361.35	844836	20.6315	2.05614
361.35	978498	20.5682	2.23365
361.35	1.12515e+06	20.5069	2.42988
361.35	1.28429e+06	20.4483	2.64386
361.35	1.45499e+06	20.393	2.87376
361.35	1.63588e+06	20.3414	3.11686
361.35	1.82511e+06	20.2935	3.36962
361.35	2.02032e+06	20.2495	3.62783
361.35	2.21875e+06	20.2094	3.88683
361.35	2.41718e+06	20.1733	4.14176
361.35	2.6121e+06	20.1412	4.3877
361.35	2.79972e+06	20.1131	4.61999
361.35	2.97615e+06	20.089	4.83428
361.35	3.1375e+06	20.0686	5.02661
361.35	3.28006e+06	20.0519	5.19363
361.35	3.40038e+06	20.0388	5.33249
361.35	3.49548e+06	20.0289	5.44083
361.35	3.56294e+06	20.0222	5.51695
361.35	3.60102e+06	20.0185	5.55965
331.485	0.100249	21.4191	0.935644
331.485	0.101321	21.4191	0.935644
331.485	0.103276	21.4191	0.935644
331.485	0.106164	21.4191	0.935644
331.485	0.110059	21.4191	0.935644
331.485	0.11506	21.4191	0.935644
331.485	0.121298	21.4191	0.935644
331.485	0.128942	21.4191	0.935644
331.485	0.138203	21.4191	0.935644
331.485	0.149347	21.4191	0.935644
331.485	0.162704	21.4191	0.935644
331.485	0.178684	21.4191	0.935644
331.485	0.197797	21.4191	0.935644
331.485	0.220676	21.4191	0.935644
331.485	0.248111	21.4191	0.935646
331.485	0.28109	21.4191	0.935646
331.485	0.320847	21.4191	0.935646
331.485	0.368933	21.4191	0.935646
331.485	0.427302	21.4191	0.935646
331.485	0.498424	21.4191	0.935646
331.485	0.585427	21.4191	0.935646
331.485	0.692292	21.4191	0.935646
331.485	0.824094	21.4191	0.935646
331.485	0.987329	21.4191	0.935648
331.485	1.19033	21.4191	0.935648
331.485	1.44382	21.4191	0.935648
331.485	1.76165	21.4191	0.93565
331.485	2.16172	21.4191	0.93565
331.485	2.66728	21.4191	0.935651
331.485	3.30853	21.4191	0.935653
331.485	4.12487	21.4191	0.935655
331.485	5.16771	21.4191	0.935659
331.485	6.50436	21.4191	0.935662
331.485	8.22302	21.4191	0.935666
331.485	10.4395	21.4191	0.935672
331.485	13.306	21.4191	0.935681
331.485	17.0228	21.4191	0.93569
331.485	21.8539	21.4191	0.935703
331.485	28.147	21.4191	0.935719
331.485	36.3608	21.4191	0.935741
331.485	47.1005	21.4191	0.935769
331.485	61.1643	21.419	0.935802
331.485	79.6049	21.419	0.93585
331.485	103.81	21.419	0.935914
331.485	135.608	21.419	0.935998
331.485	177.403	21.4189	0.936101
331.485	232.356	21.4189	0.936242
331.485	304.615	21.4188	0.93642
331.485	399.611	21.4187	0.936652
331.485	524.44	21.4185	0.936947
331.485	688.354	21.4184	0.937335
331.485	903.379	21.4181	0.937826
331.485	1185.1	21.4178	0.938456
331.485	1553.65	21.4175	0.939255
331.485	2034.92	21.4169	0.940252
331.485	2662.09	21.4163	0.941512
331.485	3477.51	21.4154	0.94309
331.485	4534.9	21.4143	0.945078
331.485	5902.14	21.4128	0.947565
331.485	7664.47	21.4109	0.950665
331.485	9928.28	21.4084	0.95451
331.485	12825.5	21.4053	0.959276
331.485	16518.8	21.4012	0.96515
331.485	21206.8	21.396	0.972369
331.485	27130.6	21.3895	0.981225
331.485	34580.2	21.3811	0.99204
331.485	43901.1	21.3707	1.0052
331.485	55501.2	21.3576	1.02114
331.485	69856.9	21.3413	1.04041
331.485	87518	21.3213	1.06361
331.485	109112	21.2967	1.09148
331.485	135344	21.267	1.12487
331.485	166997	21.2314	1.16476
331.485	204922	21.1896	1.21232
331.485	250031	21.1413	1.26881
331.485	303277	21.0866	1.33564
331.485	365633	21.0263	1.41428
331.485	438057	20.9613	1.50624
331.485	521456	20.8931	1.61302
331.485	616644	20.8229	1.73598
331.485	724284	20.7523	1.87637
331.485	844836	20.6825	2.03506
331.485	978498	20.6145	2.21249
331.485	1.12515e+06	20.5492	2.40846
331.485	1.28429e+06	20.4874	2.62205
331.485	1.45499e+06	20.4292	2.85142
331.485	1.63588e+06	20.3751	3.09391
331.485	1.82511e+06	20.325	3.34597
331.485	2.02032e+06	20.2792	3.60347
331.485	2.21875e+06	20.2375	3.86175
331.485	2.41718e+06	20.2001	4.11597
331.485	2.6121e+06	20.1669	4.36126
331.485	2.79972e+06	20.1378	4.59294
331.485	2.97615e+06	20.1128	4.80665
331.485	3.1375e+06	20.0918	4.99854
331.485	3.28006e+06	20.0746	5.16515
331.485	3.40038e+06	20.0611	5.30369
331.485	3.49548e+06	20.0509	5.4118
331.485	3.56294e+06	20.044	5.48776
331.485	3.60102e+06	20.0402	5.53038
299.459	0.100249	21.5713	0.915667
299.459	0.101321	21.5713	0.915667
299.459	0.103276	21.5713	0.915667
299.459	0.106164	21.5713	0.915667
299.459	0.110059	21.5713	0.915667
299.459	0.11506	21.5713	0.915667
299.459	0.121298	21.5713	0.915667
299.459	0.128942	21.5713	0.915667
299.459	0.138203	21.5713	0.915667
299.459	0.149347	21.5713	0.915667
299.459	0.162704	21.5713	0.915667
299.459	0.178684	21.5713	0.915667
299.459	0.197797	21.5713	0.915667
299.459	0.220676	21.5713	0.915667
299.459	0.248111	21.5713	0.915667
299.459	0.28109	21.5713	0.915667
299.459	0.320847	21.5713	0.915667
299.459	0.368933	21.5713	0.915667
299.459	0.427302	21.5713	0.915669
299.459	0.498424	21.5713	0.915669
299.459	0.585427	21.5713	0.915669
299.459	0.692292	21.5713	0.915669
299.459	0.824094	21.5713	0.915669
299.459	0.987329	21.5713	0.915669
299.459	1.19033	21.5713	0.91567
299.459	1.44382	21.5713	0.91567
299.459	1.76165	21.5713	0.915671
299.459	2.16172	21.5713	0.915671
299.459	2.66728	21.5713	0.915672
299.459	3.30853	21.5713	0.915674
299.459	4.12487	21.5713	0.915675
299.459	5.16771	21.5713	0.915682
299.459	6.50436	21.5713	0.915684
299.459	8.22302	21.5713	0.915687
299.459	10.4395	21.5713	0.915696
299.459	13.306	21.5713	0.915701
299.459	17.0228	21.5713	0.915712
299.459	21.8539	21.5713	0.915726
299.459	28.147	21.5713	0.915742
299.459	36.3608	21.5713	0.915763
299.459	47.1005	21.5712	0.915787
299.459	61.1643	21.5712	0.915822
299.459	79.6049	21.5712	0.915869
299.459	103.81	21.5712	0.915932
299.459	135.608	21.5711	0.916013
299.459	177.403	21.5711	0.916121
299.459	232.356	21.571	0.916257
299.459	304.615	21.5709	0.916434
299.459	399.611	21.5708	0.916662
299.459	524.44	21.5706	0.916953
299.459	688.354	21.5704	0.917337
299.459	903.379	21.5701	0.917828
299.459	1185.1	21.5698	0.918452
299.459	1553.65	21.5693	0.91924
299.459	2034.92	21.5687	0.920235
299.459	2662.09	21.5679	0.921485
299.459	3477.51	21.5668	0.923054
299.459	4534.9	21.5654	0.92503
299.459	5902.14	21.5636	0.927512
299.459	7664.47	21.5613	0.930605
299.459	9928.28	21.5583	0.934447
299.459	12825.5	21.5545	0.939215
299.459	16518.8	21.5495	0.945097
299.459	21206.8	21.5432	0.95234
299.459	27130.6	21.5352	0.961232
299.459	34580.2	21.5251	0.972116
299.459	43901.1	21.5123	0.985368
299.459	55501.2	21.4964	1.00146
299.459	69856.9	21.4766	1.02091
299.459	87518	21.4522	1.04438
299.459	109112	21.4224	1.0726
299.459	135344	21.3865	1.10644
299.459	166997	21.3439	1.1469
299.459	204922	21.2942	1.19513
299.459	250031	21.2374	1.25237
299.459	303277	21.174	1.31998
299.459	365633	21.105	1.39938
299.459	438057	21.0319	1.49204
299.459	521456	20.9562	1.59941
299.459	616644	20.8793	1.72286
299.459	724284	20.8029	1.86357
299.459	844836	20.728	2.02244
299.459	978498	20.6558	2.19991
299.459	1.12515e+06	20.5869	2.39579
299.459	1.28429e+06	20.522	2.60918
299.459	1.45499e+06	20.4612	2.83827
299.459	1.63588e+06	20.4047	3.08037
299.459	1.82511e+06	20.3528	3.33206
299.459	2.02032e+06	20.3052	3.58909
299.459	2.21875e+06	20.2622	3.84693
299.459	2.41718e+06	20.2236	4.10072
299.459	2.6121e+06	20.1893	4.34557
299.459	2.79972e+06	20.1594	4.57686
299.459	2.97615e+06	20.1337	4.79023
299.459	3.1375e+06	20.1121	4.98179
299.459	3.28006e+06	20.0945	5.14816
299.459	3.40038e+06	20.0805	5.28647
299.459	3.49548e+06	20.0701	5.39444
299.459	3.56294e+06	20.063	5.47029
299.459	3.60102e+06	20.0591	5.51284
269.782	0.100249	21.7032	0.902953
269.782	0.101321	21.7032	0.902953
269.782	0.103276	21.7032	0.902953
269.782	0.106164	21.7032	0.902953
269.782	0.110059	21.7032	0.902953
269.782	0.11506	21.7032	0.902953
269.782	0.121298	21.7032	0.902953
269.782	0.128942	21.7032	0.902953
269.782	0.138203	21.7032	0.902953
269.782	0.149347	21.7032	0.902953
269.782	0.162704	21.7032	0.902953
269.782	0.178684	21.7032	0.902953
269.782	0.197797	21.7032	0.902953
269.782	0.220676	21.7032	0.902953
269.782	0.248111	21.7032	0.902953
269.782	0.28109	21.7032	0.902953
269.782	0.320847	21.7032	0.902953
269.782	0.368933	21.7032	0.902953
269.782	0.427302	21.7032	0.902953
269.782	0.498424	21.7032	0.902954
269.782	0.585427	21.7032	0.902954
269.782	0.692292	21.7032	0.902954
269.782	0.824094	21.7032	0.902954
269.782	0.987329	21.7032	0.902954
269.782	1.19033	21.7032	0.902956
269.782	1.44382	21.7032	0.902956
269.782	1.76165	21.7032	0.902956
269.782	2.16172	21.7032	0.902957
269.782	2.66728	21.7032	0.902958
269.782	3.30853	21.7032	0.902959
269.782	4.12487	21.7032	0.90296
269.782	5.16771	21.7032	0.902967
269.782	6.50436	21.7032	0.90297
269.782	8.22302	21.7032	0.902972
269.782	10.4395	21.7032	0.902977
269.782	13.306	21.7032	0.902986
269.782	17.0228	21.7032	0.902998
269.782	21.8539	21.7032	0.903006
269.782	28.147	21.7032	0.903023
269.782	36.3608	21.7032	0.903046
269.782	47.1005	21.7031	0.90307
269.782	61.1643	21.7031	0.903104
269.782	79.6049	21.7031	0.903151
269.782	103.81	21.7031	0.903212
269.782	135.608	21.703	0.903292
269.782	177.403	21.7029	0.903393
269.782	232.356	21.7029	0.90353
269.782	304.615	21.7028	0.903705
269.782	399.611	21.7026	0.90393
269.782	524.44	21.7024	0.904221
269.782	688.354	21.7022	0.9046
269.782	903.379	21.7018	0.90508
269.782	1185.1	21.7014	0.905698
269.782	1553.65	21.7008	0.906476
269.782	2034.92	21.7001	0.907465
269.782	2662.09	21.6991	0.908704
269.782	3477.51	21.6979	0.910271
269.782	4534.9	21.6962	0.912239
269.782	5902.14	21.6941	0.914715
269.782	7664.47	21.6914	0.917807
269.782	9928.28	21.6878	0.921654
269.782	12825.5	21.6832	0.926434
269.782	16518.8	21.6774	0.932352
269.782	21206.8	21.6699	0.939643
269.782	27130.6	21.6604	0.948612
269.782	34580.2	21.6483	0.959603
269.782	43901.1	21.6332	0.973014
269.782	55501.2	21.6143	0.989308
269.782	69856.9	21.5908	1.00904
269.782	87518	21.562	1.03286
269.782	109112	21.5269	1.06152
269.782	135344	21.4849	1.09589
269.782	166997	21.4353	1.13697
269.782	204922	21.378	1.18587
269.782	250031	21.3133	1.24383
269.782	303277	21.242	1.31214
269.782	365633	21.1656	1.39221
269.782	438057	21.0857	1.48546
269.782	521456	21.0038	1.59332
269.782	616644	20.9216	1.71714
269.782	724284	20.8406	1.85813
269.782	844836	20.7618	2.01717
269.782	978498	20.6864	2.19473
269.782	1.12515e+06	20.6147	2.39062
269.782	1.28429e+06	20.5474	2.60396
269.782	1.45499e+06	20.4846	2.83294
269.782	1.63588e+06	20.4264	3.07491
269.782	1.82511e+06	20.373	3.3264
269.782	2.02032e+06	20.3243	3.58326
269.782	2.21875e+06	20.2802	3.8409
269.782	2.41718e+06	20.2407	4.09447
269.782	2.6121e+06	20.2057	4.33912
269.782	2.79972e+06	20.1751	4.5702
269.782	2.97615e+06	20.1489	4.78338
269.782	3.1375e+06	20.1269	4.97481
269.782	3.28006e+06	20.1089	5.14106
269.782	3.40038e+06	20.0946	5.27924
269.782	3.49548e+06	20.084	5.38713
269.782	3.56294e+06	20.0768	5.4629
269.782	3.60102e+06	20.0728	5.50541
240.104	0.100249	21.8205	0.893219
240.104	0.101321	21.8205	0.893219
240.104	0.103276	21.8205	0.893219
240.104	0.106164	21.8205	0.893219
240.104	0.110059	21.8205	0.893219
240.104	0.11506	21.8205	0.893219
240.104	0.121298	21.8205	0.893219
240.104	0.128942	21.8205	0.893219
240.104	0.138203	21.8205	0.893219
240.104	0.149347	21.8205	0.893219
240.104	0.162704	21.8205	0.893219
240.104	0.178684	21.8205	0.893219
240.104	0.197797	21.8205	0.893219
240.104	0.220676	21.8205	0.893219
240.104	0.248111	21.8205	0.893219
240.104	0.28109	21.8205	0.893219
240.104	0.320847	21.8205	0.893219
240.104	0.368933	21.8205	0.893219
240.104	0.427302	21.8205	0.893219
240.104	0.498424	21.8205	0.893219
240.104	0.585427	21.8205	0.893219
240.104	0.692292	21.8205	0.893225
240.104	0.824094	21.8205	0.893225
240.104	0.987329	21.8205	0.893225
240.104	1.19033	21.8205	0.893225
240.104	1.44382	21.8205	0.893226
240.104	1.76165	21.8205	0.893226
240.104	2.16172	21.8205	0.893227
240.104	2.66728	21.8205	0.893228
240.104	3.30853	21.8205	0.89323
240.104	4.12487	21.8205	0.893231
240.104	5.16771	21.8205	0.893232
240.104	6.50436	21.8205	0.893234
240.104	8.22302	21.8205	0.893242
240.104	10.4395	21.8205	0.893246
240.104	13.306	21.8205	0.893256
240.104	17.0228	21.8205	0.893262
240.104	21.8539	21.8205	0.893276
240.104	28.147	21.8205	0.893291
240.104	36.3608	21.8205	0.893313
240.104	47.1005	21.8204	0.893332
240.104	61.1643	21.8204	0.893371
240.104	79.6049	21.8204	0.893416
240.104	103.81	21.8203	0.893472
240.104	135.608	21.8203	0.89355
240.104	177.403	21.8202	0.893649
240.104	232.356	21.8201	0.89378
240.104	304.615	21.82	0.893952
240.104	399.611	21.8198	0.894173
240.104	524.44	21.8196	0.89446
240.104	688.354	21.8193	0.894825
240.104	903.379	21.8189	0.895305
240.104	1185.1	21.8184	0.895914
240.104	1553.65	21.8178	0.896686
240.104	2034.92	21.8169	0.897662
240.104	2662.09	21.8158	0.898896
240.104	3477.51	21.8143	0.900449
240.104	4534.9	21.8124	0.902414
240.104	5902.14	21.8099	0.904894
240.104	7664.47	21.8067	0.907992
240.104	9928.28	21.8026	0.911864
240.104	12825.5	21.7973	0.916684
240.104	16518.8	21.7905	0.922666
240.104	21206.8	21.7818	0.930053
240.104	27130.6	21.7707	0.939156
240.104	34580.2	21.7567	0.950332
240.104	43901.1	21.739	0.96398
240.104	55501.2	21.717	0.980583
240.104	69856.9	21.6898	1.0007
240.104	87518	21.6564	1.02499
240.104	109112	21.6159	1.05419
240.104	135344	21.5677	1.08919
240.104	166997	21.5112	1.13094
240.104	204922	21.4466	1.18055
240.104	250031	21.3746	1.23921
240.104	303277	21.2964	1.30818
240.104	365633	21.2135	1.38883
240.104	438057	21.1278	1.48258
240.104	521456	21.0409	1.59083
240.104	616644	20.9544	1.71496
240.104	724284	20.8697	1.85616
240.104	844836	20.7879	2.01535
240.104	978498	20.7098	2.19299
240.104	1.12515e+06	20.636	2.38895
240.104	1.28429e+06	20.5668	2.60228
240.104	1.45499e+06	20.5024	2.83124
240.104	1.63588e+06	20.4429	3.07316
240.104	1.82511e+06	20.3884	3.32459
240.104	2.02032e+06	20.3387	3.58136
240.104	2.21875e+06	20.2938	3.83891
240.104	2.41718e+06	20.2536	4.09238
240.104	2.6121e+06	20.218	4.33693
240.104	2.79972e+06	20.187	4.56793
240.104	2.97615e+06	20.1604	4.78103
240.104	3.1375e+06	20.138	4.97234
240.104	3.28006e+06	20.1197	5.13849
240.104	3.40038e+06	20.1053	5.27665
240.104	3.49548e+06	20.0945	5.38446
240.104	3.56294e+06	20.0872	5.46025
240.104	3.60102e+06	20.0832	5.50275
210.427	0.100249	21.917	0.883761
210.427	0.101321	21.917	0.883761
210.427	0.103276	21.917	0.883761
210.427	0.106164	21.917	0.883761
210.427	0.110059	21.917	0.883761
210.427	0.11506	21.917	0.883761
210.427	0.121298	21.917	0.883761
210.427	0.128942	21.917	0.883761
210.427	0.138203	21.917	0.883761
210.427	0.149347	21.917	0.883761
210.427	0.162704	21.917	0.883761
210.427	0.178684	21.917	0.883761
210.427	0.197797	21.917	0.883761
210.427	0.220676	21.917	0.883761
210.427	0.248111	21.917	0.883761
210.427	0.28109	21.917	0.883761
210.427	0.320847	21.917	0.883761
210.427	0.368933	21.917	0.883761
210.427	0.427302	21.917	0.883761
210.427	0.498424	21.917	0.883761
210.427	0.585427	21.917	0.883762
210.427	0.692292	21.917	0.883762
210.427	0.824094	21.917	0.883762
210.427	0.987329	21.917	0.883762
210.427	1.19033	21.917	0.883763
210.427	1.44382	21.917	0.883763
210.427	1.76165	21.917	0.883763
210.427	2.16172	21.917	0.883764
210.427	2.66728	21.917	0.883765
210.427	3.30853	21.917	0.883766
210.427	4.12487	21.917	0.883768
210.427	5.16771	21.917	0.883769
210.427	6.50436	21.917	0.883775
210.427	8.22302	21.917	0.883779
210.427	10.4395	21.917	0.883782
210.427	13.306	21.917	0.883792
210.427	17.0228	21.9169	0.883794
210.427	21.8539	21.9169	0.883806
210.427	28.147	21.9169	0.883822
210.427	36.3608	21.9169	0.88384
210.427	47.1005	21.9169	0.883866
210.427	61.1643	21.9169	0.883899
210.427	79.6049	21.9168	0.883938
210.427	103.81	21.9168	0.883997
210.427	135.608	21.9167	0.884069
210.427	177.403	21.9166	0.884167
210.427	232.356	21.9165	0.884295
210.427	304.615	21.9164	0.88446
210.427	399.611	21.9162	0.884675
210.427	524.44	21.9159	0.884951
210.427	688.354	21.9156	0.885313
210.427	903.379	21.9152	0.885784
210.427	1185.1	21.9146	0.886383
210.427	1553.65	21.9139	0.887147
210.427	2034.92	21.9129	0.888113
210.427	2662.09	21.9116	0.88934
210.427	3477.51	21.91	0.890895
210.427	4534.9	21.9078	0.892866
210.427	5902.14	21.9051	0.89536
210.427	7664.47	21.9014	0.898489
210.427	9928.28	21.8968	0.902413
210.427	12825.5	21.8908	0.907317
210.427	16518.8	21.8831	0.913412
210.427	21206.8	21.8732	0.92096
210.427	27130.6	21.8607	0.930286
210.427	34580.2	21.8449	0.941752
210.427	43901.1	21.825	0.955767
210.427	55501.2	21.8001	0.972806
210.427	69856.9	21.7693	0.993448
210.427	87518	21.7317	1.01834
210.427	109112	21.6862	1.04822
210.427	135344	21.6323	1.08395
210.427	166997	21.5697	1.12646
210.427	204922	21.4988	1.1768
210.427	250031	21.4207	1.23614
210.427	303277	21.3368	1.30572
210.427	365633	21.2489	1.38688
210.427	438057	21.1587	1.48103
210.427	521456	21.068	1.58959
210.427	616644	20.9783	1.71395
210.427	724284	20.8909	1.85532
210.427	844836	20.8068	2.01462
210.427	978498	20.7267	2.19234
210.427	1.12515e+06	20.6512	2.38832
210.427	1.28429e+06	20.5807	2.60169
210.427	1.45499e+06	20.5152	2.83066
210.427	1.63588e+06	20.4548	3.07257
210.427	1.82511e+06	20.3994	3.32395
210.427	2.02032e+06	20.349	3.58069
210.427	2.21875e+06	20.3035	3.83816
210.427	2.41718e+06	20.2629	4.0916
210.427	2.6121e+06	20.2269	4.3361
210.427	2.79972e+06	20.1955	4.56703
210.427	2.97615e+06	20.1686	4.78006
210.427	3.1375e+06	20.1459	4.9713
210.427	3.28006e+06	20.1275	5.13745
210.427	3.40038e+06	20.1129	5.27555
210.427	3.49548e+06	20.102	5.38335
210.427	3.56294e+06	20.0946	5.45908
210.427	3.60102e+06	20.0905	5.50156
180.75	0.100249	21.9874	0.872474
180.75	0.101321	21.9874	0.872474
180.75	0.103276	21.9874	0.872474
180.75	0.106164	21.9874	0.872474
180.75	0.110059	21.9874	0.872474
180.75	0.11506	21.9874	0.872474
180.75	0.121298	21.9874	0.872474
180.75	0.128942	21.9874	0.872474
180.75	0.138203	21.9874	0.872474
180.75	0.149347	21.9874	0.872474
180.75	0.162704	21.9874	0.872474
180.75	0.178684	21.9874	0.872474
180.75	0.197797	21.9874	0.872474
180.75	0.220676	21.9874	0.872474
180.75	0.248111	21.9874	0.872474
180.75	0.28109	21.9874	0.872475
180.75	0.320847	21.9874	0.872475
180.75	0.368933	21.9874	0.872475
180.75	0.427302	21.9874	0.872475
180.75	0.498424	21.9874	0.872475
180.75	0.585427	21.9874	0.872475
180.75	0.692292	21.9874	0.872475
180.75	0.824094	21.9874	0.872475
180.75	0.987329	21.9874	0.87248
180.75	1.19033	21.9874	0.87248
180.75	1.44382	21.9874	0.87248
180.75	1.76165	21.9874	0.872481
180.75	2.16172	21.9874	0.872481
180.75	2.66728	21.9874	0.872483
180.75	3.30853	21.9874	0.872484
180.75	4.12487	21.9874	0.872485
180.75	5.16771	21.9873	0.872483
180.75	6.50436	21.9873	0.872485
180.75	8.22302	21.9873	0.872492
180.75	10.4395	21.9873	0.872495
180.75	13.306	21.9873	0.872501
180.75	17.0228	21.9873	0.87251
180.75	21.8539	21.9873	0.872522
180.75	28.147	21.9873	0.872533
180.75	36.3608	21.9873	0.872554
180.75	47.1005	21.9873	0.872575
180.75	61.1643	21.9872	0.872602
180.75	79.6049	21.9872	0.872645
180.75	103.81	21.9871	0.872694
180.75	135.608	21.9871	0.872769
180.75	177.403	21.987	0.872861
180.75	232.356	21.9869	0.872982
180.75	304.615	21.9867	0.873142
180.75	399.611	21.9865	0.87335
180.75	524.44	21.9862	0.87362
180.75	688.354	21.9859	0.873977
180.75	903.379	21.9854	0.874432
180.75	1185.1	21.9848	0.875026
180.75	1553.65	21.984	0.87578
180.75	2034.92	21.983	0.876745
180.75	2662.09	21.9816	0.877973
180.75	3477.51	21.9799	0.879539
180.75	4534.9	21.9775	0.88153
180.75	5902.14	21.9745	0.884062
180.75	7664.47	21.9707	0.887257
180.75	9928.28	21.9656	0.891271
180.75	12825.5	21.9592	0.896313
180.75	16518.8	21.9508	0.902596
180.75	21206.8	21.9402	0.910402
180.75	27130.6	21.9266	0.920054
180.75	34580.2	21.9094	0.931934
180.75	43901.1	21.8878	0.946453
180.75	55501.2	21.8607	0.964094
180.75	69856.9	21.8271	0.985428
180.75	87518	21.7859	1.01108
180.75	109112	21.7363	1.0418
180.75	135344	21.6778	1.07838
180.75	166997	21.6104	1.12172
180.75	204922	21.5348	1.17284
180.75	250031	21.4523	1.23287
180.75	303277	21.3643	1.303
180.75	365633	21.2728	1.38461
180.75	438057	21.1795	1.4791
180.75	521456	21.0862	1.58792
180.75	616644	20.9943	1.71247
180.75	724284	20.905	1.85397
180.75	844836	20.8193	2.01337
180.75	978498	20.7379	2.19113
180.75	1.12515e+06	20.6614	2.38715
180.75	1.28429e+06	20.5899	2.60051
180.75	1.45499e+06	20.5236	2.82945
180.75	1.63588e+06	20.4626	3.07134
180.75	1.82511e+06	20.4067	3.3227
180.75	2.02032e+06	20.3558	3.57937
180.75	2.21875e+06	20.31	3.83682
180.75	2.41718e+06	20.2689	4.09015
180.75	2.6121e+06	20.2327	4.33462
180.75	2.79972e+06	20.201	4.56545
180.75	2.97615e+06	20.1739	4.77845
180.75	3.1375e+06	20.1511	4.96967
180.75	3.28006e+06	20.1325	5.13574
180.75	3.40038e+06	20.1178	5.27381
180.75	3.49548e+06	20.1069	5.38161
180.75	3.56294e+06	20.0994	5.45731
180.75	3.60102e+06	20.0953	5.49977
151.328	0.100249	22.0297	0.85891
151.328	0.101321	22.0297	0.85891
151.328	0.103276	22.0297	0.85891
151.328	0.106164	22.0297	0.85891
151.328	0.110059	22.0297	0.85891
151.328	0.11506	22.0297	0.85891
151.328	0.121298	22.0297	0.85891
151.328	0.128942	22.0297	0.85891
151.328	0.138203	22.0297	0.85891
151.328	0.149347	22.0297	0.85891
151.328	0.162704	22.0297	0.85891
151.328	0.178684	22.0297	0.85891
151.328	0.197797	22.0297	0.85891
151.328	0.220676	22.0297	0.85891
151.328	0.248111	22.0297	0.85891
151.328	0.28109	22.0297	0.85891
151.328	0.320847	22.0297	0.85891
151.328	0.368933	22.0297	0.85891
151.328	0.427302	22.0297	0.858912
151.328	0.498424	22.0297	0.858912
151.328	0.585427	22.0297	0.858912
151.328	0.692292	22.0297	0.858912
151.328	0.824094	22.0297	0.858916
151.328	0.987329	22.0297	0.858916
151.328	1.19033	22.0297	0.858917
151.328	1.44382	22.0297	0.858917
151.328	1.76165	22.0297	0.858918
151.328	2.16172	22.0297	0.858918
151.328	2.66728	22.0297	0.858919
151.328	3.30853	22.0297	0.85892
151.328	4.12487	22.0296	0.858917
151.328	5.16771	22.0296	0.858918
151.328	6.50436	22.0296	0.85892
151.328	8.22302	22.0296	0.858924
151.328	10.4395	22.0296	0.858931
151.328	13.306	22.0296	0.858935
151.328	17.0228	22.0296	0.858941
151.328	21.8539	22.0296	0.858953
151.328	28.147	22.0296	0.858966
151.328	36.3608	22.0296	0.858982
151.328	47.1005	22.0296	0.859003
151.328	61.1643	22.0295	0.859029
151.328	79.6049	22.0295	0.859067
151.328	103.81	22.0294	0.859114
151.328	135.608	22.0294	0.859183
151.328	177.403	22.0293	0.859273
151.328	232.356	22.0292	0.859391
151.328	304.615	22.029	0.859545
151.328	399.611	22.0288	0.859744
151.328	524.44	22.0285	0.860005
151.328	688.354	22.0282	0.860357
151.328	903.379	22.0277	0.860808
151.328	1185.1	22.0271	0.861393
151.328	1553.65	22.0263	0.862145
151.328	2034.92	22.0253	0.863116
151.328	2662.09	22.0239	0.864354
151.328	3477.51	22.0221	0.865943
151.328	4534.9	22.0198	0.867975
151.328	5902.14	22.0167	0.870569
151.328	7664.47	22.0128	0.873863
151.328	9928.28	22.0077	0.87802
151.328	12825.5	22.0011	0.883258
151.328	16518.8	21.9926	0.889805
151.328	21206.8	21.9817	0.897958
151.328	27130.6	21.9677	0.908051
151.328	34580.2	21.9499	0.920466
151.328	43901.1	21.9273	0.935632
151.328	55501.2	21.8989	0.954034
151.328	69856.9	21.8634	0.976214
151.328	87518	21.8199	1.0028
151.328	109112	21.7675	1.03447
151.328	135344	21.7059	1.07199
151.328	166997	21.6353	1.11621
151.328	204922	21.5567	1.1681
151.328	250031	21.4713	1.22876
151.328	303277	21.3808	1.29942
151.328	365633	21.2871	1.38143
151.328	438057	21.192	1.47623
151.328	521456	21.097	1.58528
151.328	616644	21.0037	1.70998
151.328	724284	20.9133	1.85159
151.328	844836	20.8267	2.01106
151.328	978498	20.7446	2.18886
151.328	1.12515e+06	20.6673	2.38486
151.328	1.28429e+06	20.5953	2.5982
151.328	1.45499e+06	20.5286	2.82712
151.328	1.63588e+06	20.4672	3.06894
151.328	1.82511e+06	20.4109	3.32022
151.328	2.02032e+06	20.3598	3.57684
151.328	2.21875e+06	20.3137	3.8342
151.328	2.41718e+06	20.2725	4.08748
151.328	2.6121e+06	20.2361	4.33185
151.328	2.79972e+06	20.2043	4.56265
151.328	2.97615e+06	20.177	4.77556
151.328	3.1375e+06	20.1542	4.96673
151.328	3.28006e+06	20.1355	5.13275
151.328	3.40038e+06	20.1207	5.27077
151.328	3.49548e+06	20.1097	5.37853
151.328	3.56294e+06	20.1022	5.45422
151.328	3.60102e+06	20.0981	5.49669
127.649	0.100249	22.0462	0.847104
127.649	0.101321	22.0462	0.847104
127.649	0.103276	22.0462	0.847104
127.649	0.106164	22.0462	0.847104
127.649	0.110059	22.0462	0.847104
127.649	0.11506	22.0462	0.847104
127.649	0.121298	22.0462	0.847104
127.649	0.128942	22.0462	0.847104
127.649	0.138203	22.0462	0.847104
127.649	0.149347	22.0462	0.847104
127.649	0.162704	22.0462	0.847104
127.649	0.178684	22.0462	0.847104
127.649	0.197797	22.0462	0.847104
127.649	0.220676	22.0462	0.847104
127.649	0.248111	22.0462	0.847104
127.649	0.28109	22.0462	0.847104
127.649	0.320847	22.0462	0.847104
127.649	0.368933	22.0462	0.847104
127.649	0.427302	22.0462	0.847104
127.649	0.498424	22.0462	0.847104
127.649	0.585427	22.0462	0.847104
127.649	0.692292	22.0462	0.847109
127.649	0.824094	22.0462	0.847109
127.649	0.987329	22.0462	0.847109
127.649	1.19033	22.0462	0.847109
127.649	1.44382	22.0462	0.84711
127.649	1.76165	22.0462	0.84711
127.649	2.16172	22.0462	0.847111
127.649	2.66728	22.0462	0.847111
127.649	3.30853	22.0462	0.847112
127.649	4.12487	22.0462	0.847113
127.649	5.16771	22.0462	0.847115
127.649	6.50436	22.0462	0.847117
127.649	8.22302	22.0462	0.847119
127.649	10.4395	22.0462	0.847122
127.649	13.306	22.0462	0.847131
127.649	17.0228	22.0462	0.847137
127.649	21.8539	22.0461	0.847143
127.649	28.147	22.0461	0.847153
127.649	36.3608	22.0461	0.847169
127.649	47.1005	22.0461	0.847189
127.649	61.1643	22.0461	0.847214
127.649	79.6049	22.046	0.847247
127.649	103.81	22.046	0.847297
127.649	135.608	22.0459	0.847361
127.649	177.403	22.0458	0.847444
127.649	232.356	22.0457	0.84756
127.649	304.615	22.0456	0.84771
127.649	399.611	22.0454	0.847906
127.649	524.44	22.0451	0.848166
127.649	688.354	22.0448	0.848513
127.649	903.379	22.0443	0.848959
127.649	1185.1	22.0438	0.849548
127.649	1553.65	22.043	0.850304
127.649	2034.92	22.042	0.851281
127.649	2662.09	22.0407	0.85254
127.649	3477.51	22.039	0.854155
127.649	4534.9	22.0368	0.85624
127.649	5902.14	22.0339	0.858912
127.649	7664.47	22.0301	0.862309
127.649	9928.28	22.0252	0.866617
127.649	12825.5	22.0188	0.872053
127.649	16518.8	22.0105	0.878871
127.649	21206.8	21.9998	0.887363
127.649	27130.6	21.9859	0.897878
127.649	34580.2	21.9681	0.91081
127.649	43901.1	21.9453	0.926582
127.649	55501.2	21.9164	0.94568
127.649	69856.9	21.8801	0.96863
127.649	87518	21.8354	0.996015
127.649	109112	21.7816	1.02848
127.649	135344	21.7185	1.06673
127.649	166997	21.6465	1.11161
127.649	204922	21.5664	1.16405
127.649	250031	21.4798	1.22517
127.649	303277	21.3882	1.29619
127.649	365633	21.2935	1.37849
127.649	438057	21.1975	1.47352
127.649	521456	21.1018	1.58272
127.649	616644	21.0079	1.70754
127.649	724284	20.917	1.84923
127.649	844836	20.83	2.00874
127.649	978498	20.7475	2.18655
127.649	1.12515e+06	20.67	2.38255
127.649	1.28429e+06	20.5977	2.59586
127.649	1.45499e+06	20.5308	2.82471
127.649	1.63588e+06	20.4692	3.06649
127.649	1.82511e+06	20.4128	3.3177
127.649	2.02032e+06	20.3616	3.57426
127.649	2.21875e+06	20.3154	3.83155
127.649	2.41718e+06	20.274	4.08475
127.649	2.6121e+06	20.2375	4.32905
127.649	2.79972e+06	20.2057	4.5598
127.649	2.97615e+06	20.1784	4.77266
127.649	3.1375e+06	20.1555	4.96379
127.649	3.28006e+06	20.1367	5.12977
127.649	3.40038e+06	20.122	5.26777
127.649	3.49548e+06	20.1109	5.3755
127.649	3.56294e+06	20.1034	5.45116
127.649	3.60102e+06	20.0993	5.49363
106.454	0.100249	22.0516	0.837167
106.454	0.101321	22.0516	0.837167
106.454	0.103276	22.0516	0.837167
106.454	0.106164	22.0516	0.837167
106.454	0.110059	22.0516	0.837167
106.454	0.11506	22.0516	0.837167
106.454	0.121298	22.0516	0.837167
106.454	0.128942	22.0516	0.837167
106.454	0.138203	22.0516	0.837167
106.454	0.149347	22.0516	0.837167
106.454	0.162704	22.0516	0.837167
106.454	0.178684	22.0516	0.837167
106.454	0.197797	22.0516	0.837167
106.454	0.220676	22.0516	0.837167
106.454	0.248111	22.0516	0.837168
106.454	0.28109	22.0516	0.837168
106.454	0.320847	22.0516	0.837168
106.454	0.368933	22.0516	0.837168
106.454	0.427302	22.0516	0.837168
106.454	0.498424	22.0516	0.837168
106.454	0.585427	22.0516	0.837168
106.454	0.692292	22.0516	0.837168
106.454	0.824094	22.0516	0.837168
106.454	0.987329	22.0516	0.837169
106.454	1.19033	22.0516	0.837169
106.454	1.44382	22.0516	0.837169
106.454	1.76165	22.0516	0.83717
106.454	2.16172	22.0516	0.83717
106.454	2.66728	22.0516	0.837171
106.454	3.30853	22.0516	0.837176
106.454	4.12487	22.0516	0.837177
106.454	5.16771	22.0516	0.837179
106.454	6.50436	22.0516	0.837181
106.454	8.22302	22.0516	0.837183
106.454	10.4395	22.0516	0.837186
106.454	13.306	22.0516	0.837191
106.454	17.0228	22.0516	0.8372
106.454	21.8539	22.0516	0.837207
106.454	28.147	22.0516	0.837215
106.454	36.3608	22.0515	0.837227
106.454	47.1005	22.0515	0.837246
106.454	61.1643	22.0515	0.837271
106.454	79.6049	22.0515	0.837308
106.454	103.81	22.0514	0.837351
106.454	135.608	22.0514	0.837414
106.454	177.403	22.0513	0.837496
106.454	232.356	22.0512	0.837609
106.454	304.615	22.051	0.837752
106.454	399.611	22.0509	0.837951
106.454	524.44	22.0506	0.838206
106.454	688.354	22.0503	0.838551
106.454	903.379	22.0499	0.839002
106.454	1185.1	22.0494	0.839591
106.454	1553.65	22.0487	0.840356
106.454	2034.92	22.0478	0.84135
106.454	2662.09	22.0466	0.842635
106.454	3477.51	22.045	0.844289
106.454	4534.9	22.0429	0.846429
106.454	5902.14	22.0402	0.84918
106.454	7664.47	22.0367	0.852693
106.454	9928.28	22.0321	0.857156
106.454	12825.5	22.026	0.862799
106.454	16518.8	22.0181	0.86988
106.454	21206.8	22.0077	0.878701
106.454	27130.6	21.9942	0.889624
106.454	34580.2	21.9766	0.903045
106.454	43901.1	21.9538	0.919383
106.454	55501.2	21.9247	0.939108
106.454	69856.9	21.888	0.962716
106.454	87518	21.8428	0.990761
106.454	109112	21.7883	1.02384
106.454	135344	21.7244	1.06264
106.454	166997	21.6517	1.10799
106.454	204922	21.571	1.16084
106.454	250031	21.4837	1.22229
106.454	303277	21.3916	1.29358
106.454	365633	21.2964	1.37609
106.454	438057	21.2	1.47126
106.454	521456	21.104	1.58059
106.454	616644	21.0099	1.7055
106.454	724284	20.9187	1.84723
106.454	844836	20.8315	2.00677
106.454	978498	20.7489	2.18459
106.454	1.12515e+06	20.6712	2.38057
106.454	1.28429e+06	20.5988	2.59385
106.454	1.45499e+06	20.5318	2.82268
106.454	1.63588e+06	20.4701	3.0644
106.454	1.82511e+06	20.4137	3.31557
106.454	2.02032e+06	20.3624	3.57207
106.454	2.21875e+06	20.3161	3.82929
106.454	2.41718e+06	20.2748	4.08245
106.454	2.6121e+06	20.2382	4.32671
106.454	2.79972e+06	20.2063	4.55738
106.454	2.97615e+06	20.179	4.77022
106.454	3.1375e+06	20.1561	4.9613
106.454	3.28006e+06	20.1373	5.12725
106.454	3.40038e+06	20.1225	5.26523
106.454	3.49548e+06	20.1115	5.37294
106.454	3.56294e+06	20.104	5.44862
106.454	3.60102e+06	20.0999	5.49108
85.2594	0.100249	22.0523	0.829253
85.2594	0.101321	22.0523	0.829253
85.2594	0.103276	22.0523	0.829253
85.2594	0.106164	22.0523	0.829253
85.2594	0.110059	22.0523	0.829253
85.2594	0.11506	22.0523	0.829257
85.2594	0.121298	22.0523	0.829257
85.2594	0.128942	22.0523	0.829257
85.2594	0.138203	22.0523	0.829257
85.2594	0.149347	22.0523	0.829257
85.2594	0.162704	22.0523	0.829257
85.2594	0.178684	22.0523	0.829257
85.2594	0.197797	22.0523	0.829257
85.2594	0.220676	22.0523	0.829257
85.2594	0.248111	22.0523	0.829257
85.2594	0.28109	22.0523	0.829257
85.2594	0.320847	22.0523	0.829258
85.2594	0.368933	22.0523	0.829258
85.2594	0.427302	22.0523	0.829258
85.2594	0.498424	22.0523	0.829258
85.2594	0.585427	22.0523	0.829258
85.2594	0.692292	22.0523	0.829258
85.2594	0.824094	22.0523	0.829258
85.2594	0.987329	22.0523	0.829259
85.2594	1.19033	22.0523	0.829259
85.2594	1.44382	22.0523	0.829259
85.2594	1.76165	22.0523	0.82926
85.2594	2.16172	22.0523	0.82926
85.2594	2.66728	22.0523	0.829261
85.2594	3.30853	22.0523	0.829262
85.2594	4.12487	22.0523	0.829263
85.2594	5.16771	22.0523	0.829265
85.2594	6.50436	22.0523	0.829267
85.2594	8.22302	22.0523	0.829269
85.2594	10.4395	22.0523	0.829272
85.2594	13.306	22.0523	0.829276
85.2594	17.0228	22.0522	0.829282
85.2594	21.8539	22.0522	0.829289
85.2594	28.147	22.0522	0.829297
85.2594	36.3608	22.0522	0.829312
85.2594	47.1005	22.0522	0.829327
85.2594	61.1643	22.0522	0.829352
85.2594	79.6049	22.0521	0.82938
85.2594	103.81	22.0521	0.829427
85.2594	135.608	22.0521	0.82949
85.2594	177.403	22.052	0.829573
85.2594	232.356	22.0519	0.829679
85.2594	304.615	22.0518	0.829828
85.2594	399.611	22.0516	0.830022
85.2594	524.44	22.0514	0.830278
85.2594	688.354	22.0511	0.830621
85.2594	903.379	22.0508	0.831078
85.2594	1185.1	22.0503	0.831676
85.2594	1553.65	22.0497	0.83245
85.2594	2034.92	22.0488	0.833461
85.2594	2662.09	22.0478	0.834777
85.2594	3477.51	22.0463	0.836475
85.2594	4534.9	22.0444	0.838677
85.2594	5902.14	22.042	0.841516
85.2594	7664.47	22.0387	0.845142
85.2594	9928.28	22.0344	0.849761
85.2594	12825.5	22.0286	0.855597
85.2594	16518.8	22.0211	0.862936
85.2594	21206.8	22.0111	0.872072
85.2594	27130.6	21.9979	0.88338
85.2594	34580.2	21.9805	0.897249
85.2594	43901.1	21.9578	0.914088
85.2594	55501.2	21.9286	0.934335
85.2594	69856.9	21.8917	0.958466
85.2594	87518	21.8461	0.986991
85.2594	109112	21.7913	1.02051
85.2594	135344	21.7272	1.05971
85.2594	166997	21.6541	1.10539
85.2594	204922	21.5731	1.15852
85.2594	250031	21.4855	1.22019
85.2594	303277	21.3931	1.29166
85.2594	365633	21.2978	1.37432
85.2594	438057	21.2012	1.4696
85.2594	521456	21.1051	1.57902
85.2594	616644	21.0108	1.70398
85.2594	724284	20.9195	1.84575
85.2594	844836	20.8322	2.00529
85.2594	978498	20.7495	2.18312
85.2594	1.12515e+06	20.6718	2.3791
85.2594	1.28429e+06	20.5994	2.59237
85.2594	1.45499e+06	20.5323	2.82115
85.2594	1.63588e+06	20.4705	3.06282
85.2594	1.82511e+06	20.4141	3.31396
85.2594	2.02032e+06	20.3628	3.57042
85.2594	2.21875e+06	20.3165	3.82762
85.2594	2.41718e+06	20.2751	4.08074
85.2594	2.6121e+06	20.2385	4.32494
85.2594	2.79972e+06	20.2066	4.55559
85.2594	2.97615e+06	20.1793	4.7684
85.2594	3.1375e+06	20.1564	4.95946
85.2594	3.28006e+06	20.1376	5.12539
85.2594	3.40038e+06	20.1228	5.26335
85.2594	3.49548e+06	20.1117	5.37105
85.2594	3.56294e+06	20.1042	5.44671
85.2594	3.60102e+06	20.1001	5.48915
64.0647	0.100249	22.0515	0.824428
64.0647	0.101321	22.0515	0.824428
64.0647	0.103276	22.0515	0.824428
64.0647	0.106164	22.0515	0.824428
64.0647	0.110059	22.0515	0.824428
64.0647	0.11506	22.0515	0.824428
64.0647	0.121298	22.0515	0.824428
64.0647	0.128942	22.0515	0.824428
64.0647	0.138203	22.0515	0.824428
64.0647	0.149347	22.0515	0.824428
64.0647	0.162704	22.0515	0.824428
64.0647	0.178684	22.0515	0.824428
64.0647	0.197797	22.0515	0.824428
64.0647	0.220676	22.0515	0.824428
64.0647	0.248111	22.0515	0.824428
64.0647	0.28109	22.0515	0.824428
64.0647	0.320847	22.0515	0.824428
64.0647	0.368933	22.0515	0.824428
64.0647	0.427302	22.0515	0.824428
64.0647	0.498424	22.0515	0.824428
64.0647	0.585427	22.0515	0.824428
64.0647	0.692292	22.0515	0.824433
64.0647	0.824094	22.0515	0.824433
64.0647	0.987329	22.0515	0.824433
64.0647	1.19033	22.0515	0.824433
64.0647	1.44382	22.0515	0.824434
64.0647	1.76165	22.0515	0.824434
64.0647	2.16172	22.0515	0.824435
64.0647	2.66728	22.0515	0.824435
64.0647	3.30853	22.0515	0.824436
64.0647	4.12487	22.0515	0.824438
64.0647	5.16771	22.0515	0.824439
64.0647	6.50436	22.0515	0.824441
64.0647	8.22302	22.0515	0.824443
64.0647	10.4395	22.0515	0.824446
64.0647	13.306	22.0515	0.82445
64.0647	17.0228	22.0515	0.824455
64.0647	21.8539	22.0515	0.824462
64.0647	28.147	22.0515	0.824474
64.0647	36.3608	22.0515	0.824485
64.0647	47.1005	22.0515	0.8245
64.0647	61.1643	22.0514	0.82452
64.0647	79.6049	22.0514	0.824552
64.0647	103.81	22.0514	0.824598
64.0647	135.608	22.0513	0.824655
64.0647	177.403	22.0513	0.824737
64.0647	232.356	22.0512	0.824844
64.0647	304.615	22.0511	0.82499
64.0647	399.611	22.0509	0.825182
64.0647	524.44	22.0507	0.825438
64.0647	688.354	22.0505	0.825783
64.0647	903.379	22.0502	0.826245
64.0647	1185.1	22.0497	0.826842
64.0647	1553.65	22.0491	0.827626
64.0647	2034.92	22.0484	0.828653
64.0647	2662.09	22.0474	0.829988
64.0647	3477.51	22.0461	0.831725
64.0647	4534.9	22.0443	0.833969
64.0647	5902.14	22.042	0.836872
64.0647	7664.47	22.0389	0.840589
64.0647	9928.28	22.0348	0.845321
64.0647	12825.5	22.0294	0.851319
64.0647	16518.8	22.0221	0.858853
64.0647	21206.8	22.0123	0.868233
64.0647	27130.6	21.9992	0.879821
64.0647	34580.2	21.9819	0.894002
64.0647	43901.1	21.9592	0.91116
64.0647	55501.2	21.93	0.931729
64.0647	69856.9	21.893	0.956159
64.0647	87518	21.8473	0.984961
64.0647	109112	21.7924	1.01873
64.0647	135344	21.7281	1.05813
64.0647	166997	21.6549	1.10399
64.0647	204922	21.5738	1.15726
64.0647	250031	21.4861	1.21905
64.0647	303277	21.3937	1.29062
64.0647	365633	21.2983	1.37335
64.0647	438057	21.2016	1.46869
64.0647	521456	21.1054	1.57815
64.0647	616644	21.0111	1.70314
64.0647	724284	20.9198	1.84493
64.0647	844836	20.8325	2.00449
64.0647	978498	20.7497	2.18231
64.0647	1.12515e+06	20.672	2.37829
64.0647	1.28429e+06	20.5995	2.59153
64.0647	1.45499e+06	20.5324	2.82031
64.0647	1.63588e+06	20.4707	3.06198
64.0647	1.82511e+06	20.4142	3.31308
64.0647	2.02032e+06	20.3629	3.56952
64.0647	2.21875e+06	20.3166	3.82669
64.0647	2.41718e+06	20.2752	4.07978
64.0647	2.6121e+06	20.2386	4.32398
64.0647	2.79972e+06	20.2068	4.55465
64.0647	2.97615e+06	20.1794	4.7674
64.0647	3.1375e+06	20.1565	4.95847
64.0647	3.28006e+06	20.1377	5.12437
64.0647	3.40038e+06	20.1229	5.26233
64.0647	3.49548e+06	20.1118	5.36999
64.0647	3.56294e+06	20.1043	5.44566
64.0647	3.60102e+06	20.1002	5.48812
52.5327	0.100249	22.0512	0.823135
52.5327	0.101321	22.0512	0.823135
52.5327	0.103276	22.0512	0.823135
52.5327	0.106164	22.0512	0.823135
52.5327	0.110059	22.0512	0.823135
52.5327	0.11506	22.0512	0.823135
52.5327	0.121298	22.0512	0.823135
52.5327	0.128942	22.0512	0.823135
52.5327	0.138203	22.0512	0.823135
52.5327	0.149347	22.0512	0.823135
52.5327	0.162704	22.0512	0.823135
52.5327	0.178684	22.0512	0.823135
52.5327	0.197797	22.0512	0.823135
52.5327	0.220676	22.0512	0.823136
52.5327	0.248111	22.0512	0.823136
52.5327	0.28109	22.0512	0.823136
52.5327	0.320847	22.0512	0.823136
52.5327	0.368933	22.0512	0.823136
52.5327	0.427302	22.0512	0.823136
52.5327	0.498424	22.0512	0.823136
52.5327	0.585427	22.0512	0.823136
52.5327	0.692292	22.0512	0.823136
52.5327	0.824094	22.0512	0.823136
52.5327	0.987329	22.0512	0.823137
52.5327	1.19033	22.0512	0.823137
52.5327	1.44382	22.0512	0.823137
52.5327	1.76165	22.0512	0.823138
52.5327	2.16172	22.0512	0.823142
52.5327	2.66728	22.0512	0.823143
52.5327	3.30853	22.0512	0.823144
52.5327	4.12487	22.0512	0.823145
52.5327	5.16771	22.0512	0.823147
52.5327	6.50436	22.0512	0.823149
52.5327	8.22302	22.0512	0.823151
52.5327	10.4395	22.0512	0.823154
52.5327	13.306	22.0512	0.823158
52.5327	17.0228	22.0512	0.823163
52.5327	21.8539	22.0512	0.823169
52.5327	28.147	22.0512	0.823177
52.5327	36.3608	22.0511	0.823188
52.5327	47.1005	22.0511	0.823203
52.5327	61.1643	22.0511	0.823227
52.5327	79.6049	22.0511	0.823258
52.5327	103.81	22.051	0.823297
52.5327	135.608	22.051	0.823357
52.5327	177.403	22.0509	0.823435
52.5327	232.356	22.0509	0.823545
52.5327	304.615	22.0508	0.823688
52.5327	399.611	22.0506	0.823879
52.5327	524.44	22.0504	0.824136
52.5327	688.354	22.0502	0.824477
52.5327	903.379	22.0499	0.824934
52.5327	1185.1	22.0494	0.825533
52.5327	1553.65	22.0489	0.826322
52.5327	2034.92	22.0481	0.827348
52.5327	2662.09	22.0472	0.828688
52.5327	3477.51	22.0459	0.83043
52.5327	4534.9	22.0442	0.83269
52.5327	5902.14	22.0419	0.835611
52.5327	7664.47	22.0389	0.839354
52.5327	9928.28	22.0349	0.844132
52.5327	12825.5	22.0295	0.85018
52.5327	16518.8	22.0223	0.857781
52.5327	21206.8	22.0125	0.86724
52.5327	27130.6	21.9995	0.878916
52.5327	34580.2	21.9822	0.893185
52.5327	43901.1	21.9595	0.910438
52.5327	55501.2	21.9302	0.931085
52.5327	69856.9	21.8932	0.955593
52.5327	87518	21.8475	0.984464
52.5327	109112	21.7926	1.01829
52.5327	135344	21.7282	1.05774
52.5327	166997	21.655	1.10365
52.5327	204922	21.5739	1.15695
52.5327	250031	21.4862	1.21877
52.5327	303277	21.3938	1.29037
52.5327	365633	21.2983	1.37311
52.5327	438057	21.2017	1.46848
52.5327	521456	21.1055	1.57794
52.5327	616644	21.0112	1.70294
52.5327	724284	20.9199	1.84474
52.5327	844836	20.8325	2.00429
52.5327	978498	20.7497	2.18211
52.5327	1.12515e+06	20.672	2.37808
52.5327	1.28429e+06	20.5996	2.59133
52.5327	1.45499e+06	20.5325	2.82011
52.5327	1.63588e+06	20.4707	3.06176
52.5327	1.82511e+06	20.4142	3.31287
52.5327	2.02032e+06	20.3629	3.56929
52.5327	2.21875e+06	20.3166	3.82646
52.5327	2.41718e+06	20.2752	4.07954
52.5327	2.6121e+06	20.2387	4.32376
52.5327	2.79972e+06	20.2068	4.5544
52.5327	2.97615e+06	20.1794	4.76717
52.5327	3.1375e+06	20.1565	4.95821
52.5327	3.28006e+06	20.1377	5.12412
52.5327	3.40038e+06	20.1229	5.26208
52.5327	3.49548e+06	20.1119	5.36978
52.5327	3.56294e+06	20.1044	5.44544
52.5327	3.60102e+06	20.1002	5.48787
38.3018	0.100249	22.051	0.822482
38.3018	0.101321	22.051	0.822482
38.3018	0.103276	22.051	0.822482
38.3018	0.106164	22.051	0.822482
38.3018	0.110059	22.051	0.822482
38.3018	0.11506	22.051	0.822482
38.3018	0.121298	22.051	0.822482
38.3018	0.128942	22.051	0.822482
38.3018	0.138203	22.051	0.822482
38.3018	0.149347	22.051	0.822482
38.3018	0.162704	22.051	0.822482
38.3018	0.178684	22.051	0.822482
38.3018	0.197797	22.051	0.822482
38.3018	0.220676	22.051	0.822482
38.3018	0.248111	22.051	0.822482
38.3018	0.28109	22.051	0.822482
38.3018	0.320847	22.051	0.822482
38.3018	0.368933	22.051	0.822482
38.3018	0.427302	22.051	0.822483
38.3018	0.498424	22.051	0.822483
38.3018	0.585427	22.051	0.822483
38.3018	0.692292	22.051	0.822483
38.3018	0.824094	22.051	0.822483
38.3018	0.987329	22.051	0.822483
38.3018	1.19033	22.051	0.822484
38.3018	1.44382	22.051	0.822484
38.3018	1.76165	22.051	0.822484
38.3018	2.16172	22.051	0.822485
38.3018	2.66728	22.051	0.822486
38.3018	3.30853	22.051	0.822487
38.3018	4.12487	22.051	0.822488
38.3018	5.16771	22.051	0.822489
38.3018	6.50436	22.051	0.822491
38.3018	8.22302	22.051	0.822497
38.3018	10.4395	22.051	0.8225
38.3018	13.306	22.051	0.822504
38.3018	17.0228	22.051	0.822509
38.3018	21.8539	22.051	0.822515
38.3018	28.147	22.051	0.822523
38.3018	36.3608	22.051	0.822534
38.3018	47.1005	22.0509	0.822548
38.3018	61.1643	22.0509	0.822567
38.3018	79.6049	22.0509	0.822598
38.3018	103.81	22.0509	0.822639
38.3018	135.608	22.0508	0.822694
38.3018	177.403	22.0507	0.822772
38.3018	232.356	22.0507	0.822878
38.3018	304.615	22.0506	0.823019
38.3018	399.611	22.0504	0.823206
38.3018	524.44	22.0502	0.823461
38.3018	688.354	22.05	0.823803
38.3018	903.379	22.0497	0.824257
38.3018	1185.1	22.0493	0.824853
38.3018	1553.65	22.0487	0.825634
38.3018	2034.92	22.048	0.826661
38.3018	2662.09	22.0471	0.828001
38.3018	3477.51	22.0458	0.82974
38.3018	4534.9	22.0441	0.832006
38.3018	5902.14	22.0419	0.834941
38.3018	7664.47	22.0389	0.838702
38.3018	9928.28	22.0349	0.843502
38.3018	12825.5	22.0296	0.849586
38.3018	16518.8	22.0224	0.85723
38.3018	21206.8	22.0126	0.866733
38.3018	27130.6	21.9996	0.878459
38.3018	34580.2	21.9823	0.892777
38.3018	43901.1	21.9596	0.910073
38.3018	55501.2	21.9303	0.930768
38.3018	69856.9	21.8933	0.955315
38.3018	87518	21.8476	0.984222
38.3018	109112	21.7926	1.01807
38.3018	135344	21.7283	1.05756
38.3018	166997	21.6551	1.10348
38.3018	204922	21.5739	1.1568
38.3018	250031	21.4863	1.21864
38.3018	303277	21.3938	1.29024
38.3018	365633	21.2984	1.373
38.3018	438057	21.2017	1.46836
38.3018	521456	21.1055	1.57783
38.3018	616644	21.0112	1.70284
38.3018	724284	20.9199	1.84464
38.3018	844836	20.8325	2.00419
38.3018	978498	20.7498	2.18202
38.3018	1.12515e+06	20.672	2.37799
38.3018	1.28429e+06	20.5996	2.59123
38.3018	1.45499e+06	20.5325	2.82
38.3018	1.63588e+06	20.4707	3.06166
38.3018	1.82511e+06	20.4143	3.31277
38.3018	2.02032e+06	20.3629	3.56918
38.3018	2.21875e+06	20.3166	3.82635
38.3018	2.41718e+06	20.2752	4.07943
38.3018	2.6121e+06	20.2387	4.32363
38.3018	2.79972e+06	20.2068	4.55428
38.3018	2.97615e+06	20.1794	4.76703
38.3018	3.1375e+06	20.1565	4.9581
38.3018	3.28006e+06	20.1377	5.12399
38.3018	3.40038e+06	20.1229	5.26195
38.3018	3.49548e+06	20.1119	5.36965
38.3018	3.56294e+06	20.1044	5.4453
38.3018	3.60102e+06	20.1002	5.48773
24.071	0.100249	22.051	0.822359
24.071	0.101321	22.051	0.822359
24.071	0.103276	22.051	0.822359
24.071	0.106164	22.051	0.822359
24.071	0.110059	22.051	0.822359
24.071	0.11506	22.051	0.822359
24.071	0.121298	22.051	0.822359
24.071	0.128942	22.051	0.822359
24.071	0.138203	22.051	0.822359
24.071	0.149347	22.051	0.822359
24.071	0.162704	22.051	0.822359
24.071	0.178684	22.051	0.822359
24.071	0.197797	22.051	0.822359
24.071	0.220676	22.051	0.822359
24.071	0.248111	22.051	0.822359
24.071	0.28109	22.051	0.822359
24.071	0.320847	22.051	0.82236
24.071	0.368933	22.051	0.82236
24.071	0.427302	22.051	0.82236
24.071	0.498424	22.051	0.82236
24.071	0.585427	22.051	0.82236
24.071	0.692292	22.051	0.82236
24.071	0.824094	22.051	0.82236
24.071	0.987329	22.051	0.82236
24.071	1.19033	22.051	0.822361
24.071	1.44382	22.051	0.822361
24.071	1.76165	22.051	0.822362
24.071	2.16172	22.051	0.822362
24.071	2.66728	22.051	0.822363
24.071	3.30853	22.051	0.822364
24.071	4.12487	22.051	0.822365
24.071	5.16771	22.0509	0.822362
24.071	6.50436	22.0509	0.822364
24.071	8.22302	22.0509	0.822366
24.071	10.4395	22.0509	0.822373
24.071	13.306	22.0509	0.822377
24.071	17.0228	22.0509	0.822381
24.071	21.8539	22.0509	0.822387
24.071	28.147	22.0509	0.822395
24.071	36.3608	22.0509	0.822405
24.071	47.1005	22.0509	0.822419
24.071	61.1643	22.0509	0.822442
24.071	79.6049	22.0508	0.822465
24.071	103.81	22.0508	0.822509
24.071	135.608	22.0508	0.822564
24.071	177.403	22.0507	0.82264
24.071	232.356	22.0506	0.822741
24.071	304.615	22.0505	0.822881
24.071	399.611	22.0504	0.823071
24.071	524.44	22.0502	0.82332
24.071	688.354	22.05	0.823659
24.071	903.379	22.0497	0.824108
24.071	1185.1	22.0492	0.824697
24.071	1553.65	22.0487	0.82548
24.071	2034.92	22.048	0.826501
24.071	2662.09	22.047	0.827837
24.071	3477.51	22.0458	0.829577
24.071	4534.9	22.0441	0.831845
24.071	5902.14	22.0419	0.83478
24.071	7664.47	22.0389	0.838549
24.071	9928.28	22.035	0.843359
24.071	12825.5	22.0296	0.849451
24.071	16518.8	22.0224	0.857107
24.071	21206.8	22.0127	0.866625
24.071	27130.6	21.9996	0.878358
24.071	34580.2	21.9823	0.892689
24.071	43901.1	21.9596	0.909994
24.071	55501.2	21.9303	0.930694
24.071	69856.9	21.8933	0.955256
24.071	87518	21.8476	0.984168
24.071	109112	21.7926	1.01803
24.071	135344	21.7283	1.05751
24.071	166997	21.6551	1.10344
24.071	204922	21.574	1.15677
24.071	250031	21.4863	1.21861
24.071	303277	21.3938	1.29021
24.071	365633	21.2984	1.37297
24.071	438057	21.2017	1.46834
24.071	521456	21.1055	1.57781
24.071	616644	21.0112	1.70282
24.071	724284	20.9199	1.84461
24.071	844836	20.8325	2.00417
24.071	978498	20.7498	2.182
24.071	1.12515e+06	20.672	2.37796
24.071	1.28429e+06	20.5996	2.59122
24.071	1.45499e+06	20.5325	2.81998
24.071	1.63588e+06	20.4707	3.06164
24.071	1.82511e+06	20.4143	3.31276
24.071	2.02032e+06	20.3629	3.56916
24.071	2.21875e+06	20.3166	3.82632
24.071	2.41718e+06	20.2752	4.07941
24.071	2.6121e+06	20.2387	4.32361
24.071	2.79972e+06	20.2068	4.55424
24.071	2.97615e+06	20.1794	4.76701
24.071	3.1375e+06	20.1565	4.95805
24.071	3.28006e+06	20.1377	5.12397
24.071	3.40038e+06	20.1229	5.26192
24.071	3.49548e+06	20.1119	5.36962
24.071	3.56294e+06	20.1044	5.44528
24.071	3.60102e+06	20.1002	5.48771
11.7154	0.100249	22.051	0.822356
11.7154	0.101321	22.051	0.822356
11.7154	0.103276	22.051	0.822356
11.7154	0.106164	22.051	0.822356
11.7154	0.110059	22.051	0.822356
11.7154	0.11506	22.051	0.822356
11.7154	0.121298	22.051	0.822356
11.7154	0.128942	22.051	0.822356
11.7154	0.138203	22.051	0.822356
11.7154	0.149347	22.051	0.822356
11.7154	0.162704	22.051	0.822356
11.7154	0.178684	22.051	0.822356
11.7154	0.197797	22.051	0.822356
11.7154	0.220676	22.051	0.822356
11.7154	0.248111	22.051	0.822356
11.7154	0.28109	22.051	0.822356
11.7154	0.320847	22.051	0.822357
11.7154	0.368933	22.051	0.822357
11.7154	0.427302	22.051	0.822357
11.7154	0.498424	22.051	0.822357
11.7154	0.585427	22.051	0.822357
11.7154	0.692292	22.051	0.822357
11.7154	0.824094	22.051	0.822357
11.7154	0.987329	22.051	0.822357
11.7154	1.19033	22.051	0.822358
11.7154	1.44382	22.051	0.822358
11.7154	1.76165	22.0509	0.822356
11.7154	2.16172	22.0509	0.822356
11.7154	2.66728	22.0509	0.822357
11.7154	3.30853	22.0509	0.822358
11.7154	4.12487	22.0509	0.822359
11.7154	5.16771	22.0509	0.82236
11.7154	6.50436	22.0509	0.822366
11.7154	8.22302	22.0509	0.822368
11.7154	10.4395	22.0509	0.822371
11.7154	13.306	22.0509	0.822375
11.7154	17.0228	22.0509	0.822379
11.7154	21.8539	22.0509	0.822385
11.7154	28.147	22.0509	0.822393
11.7154	36.3608	22.0509	0.822403
11.7154	47.1005	22.0509	0.822416
11.7154	61.1643	22.0509	0.822439
11.7154	79.6049	22.0508	0.822461
11.7154	103.81	22.0508	0.822506
11.7154	135.608	22.0508	0.82256
11.7154	177.403	22.0507	0.822636
11.7154	232.356	22.0506	0.822736
11.7154	304.615	22.0505	0.822876
11.7154	399.611	22.0504	0.823065
11.7154	524.44	22.0502	0.823313
11.7154	688.354	22.05	0.823651
11.7154	903.379	22.0496	0.824096
11.7154	1185.1	22.0492	0.824688
11.7154	1553.65	22.0487	0.825466
11.7154	2034.92	22.048	0.826491
11.7154	2662.09	22.047	0.827822
11.7154	3477.51	22.0458	0.829566
11.7154	4534.9	22.0441	0.83183
11.7154	5902.14	22.0419	0.834767
11.7154	7664.47	22.0389	0.838536
11.7154	9928.28	22.035	0.843348
11.7154	12825.5	22.0296	0.849441
11.7154	16518.8	22.0224	0.857096
11.7154	21206.8	22.0127	0.866616
11.7154	27130.6	21.9996	0.87835
11.7154	34580.2	21.9823	0.892682
11.7154	43901.1	21.9596	0.909988
11.7154	55501.2	21.9303	0.930689
11.7154	69856.9	21.8933	0.95525
11.7154	87518	21.8476	0.984163
11.7154	109112	21.7926	1.01802
11.7154	135344	21.7283	1.05751
11.7154	166997	21.6551	1.10344
11.7154	204922	21.574	1.15677
11.7154	250031	21.4863	1.21861
11.7154	303277	21.3938	1.29021
11.7154	365633	21.2984	1.37297
11.7154	438057	21.2017	1.46834
11.7154	521456	21.1055	1.57781
11.7154	616644	21.0112	1.70281
11.7154	724284	20.9199	1.84461
11.7154	844836	20.8325	2.00417
11.7154	978498	20.7498	2.182
11.7154	1.12515e+06	20.672	2.37796
11.7154	1.28429e+06	20.5996	2.59121
11.7154	1.45499e+06	20.5325	2.81998
11.7154	1.63588e+06	20.4707	3.06163
11.7154	1.82511e+06	20.4143	3.31274
11.7154	2.02032e+06	20.3629	3.56916
11.7154	2.21875e+06	20.3166	3.82632
11.7154	2.41718e+06	20.2752	4.07941
11.7154	2.6121e+06	20.2387	4.32361
11.7154	2.79972e+06	20.2068	4.55424
11.7154	2.97615e+06	20.1794	4.76701
11.7154	3.1375e+06	20.1565	4.95805
11.7154	3.28006e+06	20.1377	5.12397
11.7154	3.40038e+06	20.1229	5.26192
11.7154	3.49548e+06	20.1119	5.36962
11.7154	3.56294e+06	20.1044	5.44528
11.7154	3.60102e+06	20.1002	5.48771
0.1	0.100249	22.051	0.822357
0.1	0.101321	22.051	0.822357
0.1	0.103276	22.051	0.822357
0.1	0.106164	22.051	0.822357
0.1	0.110059	22.051	0.822357
0.1	0.11506	22.051	0.822357
0.1	0.121298	22.051	0.822357
0.1	0.128942	22.051	0.822357
0.1	0.138203	22.051	0.822357
0.1	0.149347	22.051	0.822357
0.1	0.162704	22.051	0.822357
0.1	0.178684	22.051	0.822357
0.1	0.197797	22.051	0.822357
0.1	0.220676	22.051	0.822357
0.1	0.248111	22.051	0.822357
0.1	0.28109	22.051	0.822357
0.1	0.320847	22.051	0.822357
0.1	0.368933	22.051	0.822357
0.1	0.427302	22.051	0.822357
0.1	0.498424	22.051	0.822357
0.1	0.585427	22.051	0.822357
0.1	0.692292	22.051	0.822357
0.1	0.824094	22.051	0.822358
0.1	0.987329	22.051	0.822358
0.1	1.19033	22.051	0.822358
0.1	1.44382	22.051	0.822359
0.1	1.76165	22.0509	0.822356
0.1	2.16172	22.0509	0.822356
0.1	2.66728	22.0509	0.822357
0.1	3.30853	22.0509	0.822362
0.1	4.12487	22.0509	0.822363
0.1	5.16771	22.0509	0.822364
0.1	6.50436	22.0509	0.822366
0.1	8.22302	22.0509	0.822368
0.1	10.4395	22.0509	0.822371
0.1	13.306	22.0509	0.822375
0.1	17.0228	22.0509	0.822379
0.1	21.8539	22.0509	0.822385
0.1	28.147	22.0509	0.822393
0.1	36.3608	22.0509	0.822403
0.1	47.1005	22.0509	0.822417
0.1	61.1643	22.0509	0.822439
0.1	79.6049	22.0508	0.822461
0.1	103.81	22.0508	0.822506
0.1	135.608	22.0508	0.82256
0.1	177.403	22.0507	0.822636
0.1	232.356	22.0506	0.822736
0.1	304.615	22.0505	0.822876
0.1	399.611	22.0504	0.823065
0.1	524.44	22.0502	0.823313
0.1	688.354	22.05	0.823651
0.1	903.379	22.0496	0.824095
0.1	1185.1	22.0492	0.824688
0.1	1553.65	22.0487	0.825466
0.1	2034.92	22.048	0.826491
0.1	2662.09	22.047	0.827822
0.1	3477.51	22.0458	0.829566
0.1	4534.9	22.0441	0.83183
0.1	5902.14	22.0419	0.834767
0.1	7664.47	22.0389	0.838536
0.1	9928.28	22.035	0.843348
0.1	12825.5	22.0296	0.849441
0.1	16518.8	22.0224	0.857096
0.1	21206.8	22.0127	0.866615
0.1	27130.6	21.9996	0.87835
0.1	34580.2	21.9823	0.89268
0.1	43901.1	21.9596	0.909988
0.1	55501.2	21.9303	0.930689
0.1	69856.9	21.8933	0.95525
0.1	87518	21.8476	0.984163
0.1	109112	21.7926	1.01802
0.1	135344	21.7283	1.05751
0.1	166997	21.6551	1.10344
0.1	204922	21.574	1.15677
0.1	250031	21.4863	1.21861
0.1	303277	21.3938	1.29021
0.1	365633	21.2984	1.37297
0.1	438057	21.2017	1.46834
0.1	521456	21.1055	1.57781
0.1	616644	21.0112	1.70281
0.1	724284	20.9199	1.84461
0.1	844836	20.8325	2.00417
0.1	978498	20.7498	2.182
0.1	1.12515e+06	20.672	2.37796
0.1	1.28429e+06	20.5996	2.59121
0.1	1.45499e+06	20.5325	2.81998
0.1	1.63588e+06	20.4707	3.06163
0.1	1.82511e+06	20.4143	3.31274
0.1	2.02032e+06	20.3629	3.56916
0.1	2.21875e+06	20.3166	3.82632
0.1	2.41718e+06	20.2752	4.07941
0.1	2.6121e+06	20.2387	4.32361
0.1	2.79972e+06	20.2068	4.55424
0.1	2.97615e+06	20.1794	4.76701
0.1	3.1375e+06	20.1565	4.95805
0.1	3.28006e+06	20.1377	5.12397
0.1	3.40038e+06	20.1229	5.26192
0.1	3.49548e+06	20.1119	5.36962
0.1	3.56294e+06	20.1044	5.44528
0.1	3.60102e+06	20.1002	5.48771
0.1	0.100249	22.051	0.822357
0.1	0.101321	22.051	0.822357
0.1	0.103276	22.051	0.822357
0.1	0.106164	22.051	0.822357
0.1	0.110059	22.051	0.822357
0.1	0.11506	22.051	0.822357
0.1	0.121298	22.051	0.822357
0.1	0.128942	22.051	0.822357
0.1	0.138203	22.051	0.822357
0.1	0.149347	22.051	0.822357
0.1	0.162704	22.051	0.822357
0.1	0.178684	22.051	0.822357
0.1	0.197797	22.051	0.822357
0.1	0.220676	22.051	0.822357
0.1	0.248111	22.051	0.822357
0.1	0.28109	22.051	0.822357
0.1	0.320847	22.051	0.822357
0.1	0.368933	22.051	0.822357
0.1	0.427302	22.051	0.822357
0.1	0.498424	22.051	0.822357
0.1	0.585427	22.051	0.822357
0.1	0.692292	22.051	0.822357
0.1	0.824094	22.051	0.822358
0.1	0.987329	22.051	0.822358
0.1	1.19033	22.051	0.822358
0.1	1.44382	22.051	0.822359
0.1	1.76165	22.0509	0.822356
0.1	2.16172	22.0509	0.822356
0.1	2.66728	22.0509	0.822357
0.1	3.30853	22.0509	0.822362
0.1	4.12487	22.0509	0.822363
0.1	5.16771	22.0509	0.822364
0.1	6.50436	22.0509	0.822366
0.1	8.22302	22.0509	0.822368
0.1	10.4395	22.0509	0.822371
0.1	13.306	22.0509	0.822375
0.1	17.0228	22.0509	0.822379
0.1	21.8539	22.0509	0.822385
0.1	28.147	22.0509	0.822393
0.1	36.3608	22.0509	0.822403
0.1	47.1005	22.0509	0.822417
0.1	61.1643	22.0509	0.822439
0.1	79.6049	22.0508	0.822461
0.1	103.81	22.0508	0.822506
0.1	135.608	22.0508	0.82256
0.1	177.403	22.0507	0.822636
0.1	232.356	22.0506	0.822736
0.1	304.615	22.0505	0.822876
0.1	399.611	22.0504	0.823065
0.1	524.44	22.0502	0.823313
0.1	688.354	22.05	0.823651
0.1	903.379	22.0496	0.824095
0.1	1185.1	22.0492	0.824688
0.1	1553.65	22.0487	0.825466
0.1	2034.92	22.048	0.826491
0.1	2662.09	22.047	0.827822
0.1	3477.51	22.0458	0.829566
0.1	4534.9	22.0441	0.83183
0.1	5902.14	22.0419	0.834767
0.1	7664.47	22.0389	0.838536
0.1	9928.28	22.035	0.843348
0.1	12825.5	22.0296	0.849441
0.1	16518.8	22.0224	0.857096
0.1	21206.8	22.0127	0.866615
0.1	27130.6	21.9996	0.87835
0.1	34580.2	21.9823	0.89268
0.1	43901.1	21.9596	0.909988
0.1	55501.2	21.9303	0.930689
0.1	69856.9	21.8933	0.95525
0.1	87518	21.8476	0.984163
0.1	109112	21.7926	1.01802
0.1	135344	21.7283	1.05751
0.1	166997	21.6551	1.10344
0.1	204922	21.574	1.15677
0.1	250031	21.4863	1.21861
0.1	303277	21.3938	1.29021
0.1	365633	21.2984	1.37297
0.1	438057	21.2017	1.46834
0.1	521456	21.1055	1.57781
0.1	616644	21.0112	1.70281
0.1	724284	20.9199	1.84461
0.1	844836	20.8325	2.00417
0.1	978498	20.7498	2.182
0.1	1.12515e+06	20.672	2.37796
0.1	1.28429e+06	20.5996	2.59121
0.1	1.45499e+06	20.5325	2.81998
0.1	1.63588e+06	20.4707	3.06163
0.1	1.82511e+06	20.4143	3.31274
0.1	2.02032e+06	20.3629	3.56916
0.1	2.21875e+06	20.3166	3.82632
0.1	2.41718e+06	20.2752	4.07941
0.1	2.6121e+06	20.2387	4.32361
0.1	2.79972e+06	20.2068	4.55424
0.1	2.97615e+06	20.1794	4.76701
0.1	3.1375e+06	20.1565	4.95805
0.1	3.28006e+06	20.1377	5.12397
0.1	3.40038e+06	20.1229	5.26192
0.1	3.49548e+06	20.1119	5.36962
0.1	3.56294e+06	20.1044	5.44528
0.1	3.60102e+06	20.1002	5.48771
